25	100000	75
25	110000	51
25	120000	53
25	130000	57
25	140000	68
25	150000	61
25	160000	82
25	170000	87
25	180000	67
25	190000	70
25	200000	83
25	210000	87
25	220000	88
25	230000	81
25	240000	85
25	250000	88
25	260000	101
25	270000	94
25	280000	100
25	290000	106
25	300000	109
25	310000	112
25	320000	107
25	330000	109
25	340000	116
25	350000	134
25	360000	126
25	370000	131
25	380000	139
25	390000	129
25	400000	133
25	410000	165
25	420000	171
25	430000	167
25	440000	155
25	450000	180
25	460000	189
25	470000	180
25	480000	161
25	490000	190
25	500000	164
25	510000	180
25	520000	177
25	530000	181
25	540000	195
25	550000	195
25	560000	231
25	570000	190
25	580000	186
25	590000	199
25	600000	197
25	610000	207
25	620000	293
25	630000	257
25	640000	219
25	650000	227
25	660000	218
25	670000	223
25	680000	259
25	690000	295
25	700000	236
25	710000	229
25	720000	266
25	730000	284
25	740000	281
25	750000	294
25	760000	263
25	770000	300
25	780000	310
25	790000	286
25	800000	265
25	810000	301
25	820000	300
25	830000	282
25	840000	284
25	850000	327
25	860000	308
25	870000	290
25	880000	285
25	890000	411
25	900000	321
25	910000	362
25	920000	340
25	930000	370
25	940000	299
25	950000	331
25	960000	337
25	970000	347
25	980000	332
25	990000	312
25	1000000	375
