25	1000000	762
25	1010000	778
25	1020000	785
25	1030000	770
25	1040000	761
25	1050000	852
25	1060000	783
25	1070000	900
25	1080000	909
25	1090000	786
25	1100000	795
25	1110000	789
25	1120000	865
25	1130000	858
25	1140000	928
25	1150000	825
25	1160000	877
25	1170000	827
25	1180000	978
25	1190000	842
25	1200000	912
25	1210000	858
25	1220000	887
25	1230000	922
25	1240000	914
25	1250000	857
25	1260000	894
25	1270000	879
25	1280000	928
25	1290000	884
25	1300000	863
25	1310000	889
25	1320000	890
25	1330000	937
25	1340000	883
25	1350000	894
25	1360000	894
25	1370000	983
25	1380000	915
25	1390000	927
25	1400000	925
25	1410000	976
25	1420000	1075
25	1430000	946
25	1440000	1120
25	1450000	936
25	1460000	975
25	1470000	1183
25	1480000	977
25	1490000	1128
25	1500000	1143
25	1510000	1173
25	1520000	997
25	1530000	1165
25	1540000	987
25	1550000	1010
25	1560000	1152
25	1570000	1169
25	1580000	1060
25	1590000	1144
25	1600000	1285
25	1610000	1235
25	1620000	1065
25	1630000	1160
25	1640000	1233
25	1650000	1148
25	1660000	1176
25	1670000	1125
25	1680000	1193
25	1690000	1100
25	1700000	1122
25	1710000	1137
25	1720000	1381
25	1730000	1306
25	1740000	1120
25	1750000	1199
25	1760000	1300
25	1770000	1258
25	1780000	1146
25	1790000	1270
25	1800000	1189
25	1810000	1293
25	1820000	1186
25	1830000	1276
25	1840000	1353
25	1850000	1230
25	1860000	1194
25	1870000	1231
25	1880000	1313
25	1890000	1269
25	1900000	1258
25	1910000	1231
25	1920000	1273
25	1930000	1207
25	1940000	1209
25	1950000	1272
25	1960000	1285
25	1970000	1388
25	1980000	1430
25	1990000	1405
25	2000000	1268
25	2010000	1491
25	2020000	1575
25	2030000	1492
25	2040000	1427
25	2050000	1375
25	2060000	1362
25	2070000	1294
25	2080000	1497
25	2090000	1319
25	2100000	1410
25	2110000	1259
25	2120000	1291
25	2130000	1389
25	2140000	1280
25	2150000	1410
25	2160000	1288
25	2170000	1265
25	2180000	1263
25	2190000	1265
25	2200000	1276
25	2210000	1298
25	2220000	1334
25	2230000	1556
25	2240000	1295
25	2250000	1310
25	2260000	1291
25	2270000	1302
25	2280000	1331
25	2290000	1322
25	2300000	1302
25	2310000	1315
25	2320000	1315
25	2330000	1346
25	2340000	1358
25	2350000	1342
25	2360000	1355
25	2370000	1514
25	2380000	1526
25	2390000	1527
25	2400000	1541
25	2410000	1538
25	2420000	1542
25	2430000	1566
25	2440000	1536
25	2450000	1550
25	2460000	1563
25	2470000	1573
25	2480000	1574
25	2490000	1585
25	2500000	1591
25	2510000	1601
25	2520000	1546
25	2530000	1603
25	2540000	1620
25	2550000	1632
25	2560000	1628
25	2570000	1438
25	2580000	1581
25	2590000	1654
25	2600000	1658
25	2610000	1525
25	2620000	1668
25	2630000	1664
25	2640000	1663
25	2650000	1682
25	2660000	1652
25	2670000	1693
25	2680000	1704
25	2690000	1702
25	2700000	1721
25	2710000	1707
25	2720000	1729
25	2730000	1735
25	2740000	1727
25	2750000	1728
25	2760000	1577
25	2770000	1737
25	2780000	1742
25	2790000	1757
25	2800000	1818
25	2810000	1770
25	2820000	1763
25	2830000	1755
25	2840000	1777
25	2850000	1647
25	2860000	1570
25	2870000	1787
25	2880000	1800
25	2890000	1621
25	2900000	1634
25	2910000	1607
25	2920000	1643
25	2930000	1810
25	2940000	1652
25	2950000	1654
25	2960000	1610
25	2970000	1644
25	2980000	1658
25	2990000	1654
25	3000000	1674
25	3010000	1683
25	3020000	1662
25	3030000	1688
25	3040000	1667
25	3050000	1698
25	3060000	1704
25	3070000	1717
25	3080000	1740
25	3090000	1718
25	3100000	1725
25	3110000	1721
25	3120000	1736
25	3130000	1741
25	3140000	1750
25	3150000	1758
25	3160000	1944
25	3170000	1844
25	3180000	1987
25	3190000	1796
25	3200000	1772
25	3210000	1771
25	3220000	1786
25	3230000	1763
25	3240000	1775
25	3250000	1798
25	3260000	2188
25	3270000	1957
25	3280000	1800
25	3290000	1781
25	3300000	1823
25	3310000	1797
25	3320000	1876
25	3330000	1886
25	3340000	1850
25	3350000	1841
25	3360000	1825
25	3370000	1853
25	3380000	1818
25	3390000	1853
25	3400000	1887
25	3410000	2054
25	3420000	1842
25	3430000	1850
25	3440000	1854
25	3450000	2001
25	3460000	1985
25	3470000	1920
25	3480000	1873
25	3490000	1873
25	3500000	1864
25	3510000	2053
25	3520000	1927
25	3530000	1924
25	3540000	1960
25	3550000	1929
25	3560000	1921
25	3570000	1958
25	3580000	1922
25	3590000	1956
25	3600000	1952
25	3610000	1933
25	3620000	1942
25	3630000	1953
25	3640000	1957
25	3650000	2029
25	3660000	1963
25	3670000	1947
25	3680000	1947
25	3690000	2021
25	3700000	1981
25	3710000	1971
25	3720000	1961
25	3730000	1964
25	3740000	2015
25	3750000	2008
25	3760000	1984
25	3770000	2027
25	3780000	1993
25	3790000	2031
25	3800000	2038
25	3810000	1985
25	3820000	2026
25	3830000	2036
25	3840000	1997
25	3850000	2027
25	3860000	2044
25	3870000	2204
25	3880000	2050
25	3890000	2000
25	3900000	2085
25	3910000	2065
25	3920000	2054
25	3930000	2099
25	3940000	2080
25	3950000	2083
25	3960000	2102
25	3970000	2081
25	3980000	2109
25	3990000	2098
25	4000000	2089
25	4010000	2109
25	4020000	2114
25	4030000	2125
25	4040000	2081
25	4050000	2155
25	4060000	2134
25	4070000	2124
25	4080000	2145
25	4090000	2121
25	4100000	2176
25	4110000	2154
25	4120000	2221
25	4130000	2214
25	4140000	2187
25	4150000	2193
25	4160000	2213
25	4170000	2210
25	4180000	2208
25	4190000	2251
25	4200000	2259
25	4210000	2249
25	4220000	2280
25	4230000	2324
25	4240000	2249
25	4250000	2297
25	4260000	2238
25	4270000	2178
25	4280000	2213
25	4290000	2297
25	4300000	2212
25	4310000	2289
25	4320000	2195
25	4330000	2380
25	4340000	2234
25	4350000	2310
25	4360000	2274
25	4370000	2281
25	4380000	2318
25	4390000	2267
25	4400000	2314
25	4410000	2319
25	4420000	2326
25	4430000	2293
25	4440000	2251
25	4450000	2286
25	4460000	2345
25	4470000	2350
25	4480000	2432
25	4490000	2321
25	4500000	2465
25	4510000	2371
25	4520000	2318
25	4530000	2324
25	4540000	2375
25	4550000	2357
25	4560000	2429
25	4570000	2547
25	4580000	2392
25	4590000	2408
25	4600000	2400
25	4610000	2515
25	4620000	2435
25	4630000	2434
25	4640000	2601
25	4650000	2627
25	4660000	2441
25	4670000	2438
25	4680000	2408
25	4690000	2448
25	4700000	2544
25	4710000	2502
25	4720000	2590
25	4730000	2510
25	4740000	2461
25	4750000	2719
25	4760000	2589
25	4770000	2527
25	4780000	2468
25	4790000	2482
25	4800000	2532
25	4810000	2475
25	4820000	2494
25	4830000	2585
25	4840000	2601
25	4850000	2742
25	4860000	2560
25	4870000	2528
25	4880000	2535
25	4890000	2502
25	4900000	2538
25	4910000	2579
25	4920000	2627
25	4930000	2649
25	4940000	2552
25	4950000	2572
25	4960000	2566
25	4970000	2657
25	4980000	2607
25	4990000	2690
25	5000000	2584
25	5010000	2689
25	5020000	2622
25	5030000	2619
25	5040000	2598
25	5050000	2738
25	5060000	2624
25	5070000	2631
25	5080000	2618
25	5090000	2817
25	5100000	2853
25	5110000	2747
25	5120000	2623
25	5130000	2747
25	5140000	2610
25	5150000	2723
25	5160000	2669
25	5170000	2706
25	5180000	2667
25	5190000	2795
25	5200000	2698
25	5210000	2715
25	5220000	2768
25	5230000	2667
25	5240000	2875
25	5250000	2682
25	5260000	2727
25	5270000	2711
25	5280000	2667
25	5290000	2821
25	5300000	2903
25	5310000	2973
25	5320000	2728
25	5330000	2720
25	5340000	2702
25	5350000	2754
25	5360000	2780
25	5370000	2786
25	5380000	2736
25	5390000	2739
25	5400000	2768
25	5410000	2749
25	5420000	2765
25	5430000	2760
25	5440000	2779
25	5450000	2804
25	5460000	3015
25	5470000	2907
25	5480000	2788
25	5490000	2782
25	5500000	2874
25	5510000	2816
25	5520000	2818
25	5530000	2804
25	5540000	3023
25	5550000	3072
25	5560000	2810
25	5570000	2813
25	5580000	2833
25	5590000	2825
25	5600000	2906
25	5610000	2856
25	5620000	2850
25	5630000	2846
25	5640000	2877
25	5650000	2884
25	5660000	2920
25	5670000	2881
25	5680000	2834
25	5690000	3032
25	5700000	2909
25	5710000	2925
25	5720000	3045
25	5730000	2935
25	5740000	2949
25	5750000	3073
25	5760000	2913
25	5770000	2921
25	5780000	2935
25	5790000	2963
25	5800000	2941
25	5810000	2949
25	5820000	2968
25	5830000	2968
25	5840000	2956
25	5850000	2983
25	5860000	2901
25	5870000	2941
25	5880000	2993
25	5890000	2998
25	5900000	2990
25	5910000	3073
25	5920000	2932
25	5930000	3000
25	5940000	2991
25	5950000	3051
25	5960000	3048
25	5970000	3024
25	5980000	2991
25	5990000	3029
25	6000000	3059
25	6010000	3039
25	6020000	3075
25	6030000	3067
25	6040000	3079
25	6050000	3176
25	6060000	3054
25	6070000	3066
25	6080000	3090
25	6090000	3094
25	6100000	3072
25	6110000	3090
25	6120000	3202
25	6130000	3107
25	6140000	3106
25	6150000	3073
25	6160000	3151
25	6170000	3223
25	6180000	3132
25	6190000	3107
25	6200000	3175
25	6210000	3177
25	6220000	3266
25	6230000	3160
25	6240000	3406
25	6250000	3171
25	6260000	3131
25	6270000	3351
25	6280000	3181
25	6290000	3181
25	6300000	3187
25	6310000	3324
25	6320000	3159
25	6330000	3194
25	6340000	3221
25	6350000	3211
25	6360000	3207
25	6370000	3231
25	6380000	3263
25	6390000	3198
25	6400000	3254
25	6410000	3213
25	6420000	3266
25	6430000	3246
25	6440000	3294
25	6450000	3334
25	6460000	3265
25	6470000	3275
25	6480000	3529
25	6490000	3258
25	6500000	3298
25	6510000	3314
25	6520000	3270
25	6530000	3287
25	6540000	3254
25	6550000	3326
25	6560000	3417
25	6570000	3344
25	6580000	3361
25	6590000	3275
25	6600000	3334
25	6610000	3508
25	6620000	3357
25	6630000	3345
25	6640000	3351
25	6650000	3324
25	6660000	3337
25	6670000	3392
25	6680000	3396
25	6690000	3352
25	6700000	3387
25	6710000	3404
25	6720000	3452
25	6730000	3423
25	6740000	3410
25	6750000	3427
25	6760000	3412
25	6770000	3425
25	6780000	3422
25	6790000	3479
25	6800000	3457
25	6810000	3616
25	6820000	3550
25	6830000	3453
25	6840000	3464
25	6850000	3437
25	6860000	3483
25	6870000	3477
25	6880000	3540
25	6890000	3427
25	6900000	3469
25	6910000	3516
25	6920000	3488
25	6930000	3500
25	6940000	3509
25	6950000	3530
25	6960000	3499
25	6970000	3495
25	6980000	3722
25	6990000	3512
25	7000000	3527
25	7010000	3540
25	7020000	3535
25	7030000	3534
25	7040000	3481
25	7050000	3511
25	7060000	3565
25	7070000	3561
25	7080000	3528
25	7090000	3536
25	7100000	3564
25	7110000	3592
25	7120000	3765
25	7130000	3573
25	7140000	3650
25	7150000	3618
25	7160000	3592
25	7170000	3569
25	7180000	3570
25	7190000	3591
25	7200000	3614
25	7210000	3621
25	7220000	3598
25	7230000	3629
25	7240000	3630
25	7250000	3919
25	7260000	3612
25	7270000	3610
25	7280000	3639
25	7290000	3628
25	7300000	3638
25	7310000	3681
25	7320000	3628
25	7330000	3651
25	7340000	3670
25	7350000	3633
25	7360000	3744
25	7370000	3669
25	7380000	3881
25	7390000	3695
25	7400000	4003
25	7410000	3685
25	7420000	3661
25	7430000	3691
25	7440000	3736
25	7450000	3707
25	7460000	3726
25	7470000	3742
25	7480000	3829
25	7490000	3727
25	7500000	3832
25	7510000	3750
25	7520000	3741
25	7530000	3761
25	7540000	3744
25	7550000	3706
25	7560000	3757
25	7570000	3809
25	7580000	3816
25	7590000	3777
25	7600000	3786
25	7610000	3791
25	7620000	3815
25	7630000	3785
25	7640000	3806
25	7650000	3917
25	7660000	3813
25	7670000	4006
25	7680000	3932
25	7690000	3869
25	7700000	3848
25	7710000	4091
25	7720000	4086
25	7730000	4104
25	7740000	4811
25	7750000	4112
25	7760000	4103
25	7770000	4115
25	7780000	4091
25	7790000	4170
25	7800000	4142
25	7810000	4133
25	7820000	4153
25	7830000	4820
25	7840000	4356
25	7850000	4138
25	7860000	4169
25	7870000	4208
25	7880000	4191
25	7890000	4175
25	7900000	4256
25	7910000	4188
25	7920000	4218
25	7930000	4855
25	7940000	4180
25	7950000	4288
25	7960000	4250
25	7970000	4293
25	7980000	4216
25	7990000	4231
25	8000000	4241
25	8010000	4235
25	8020000	4946
25	8030000	4489
25	8040000	4233
25	8050000	4246
25	8060000	4266
25	8070000	4248
25	8080000	4257
25	8090000	4300
25	8100000	4313
25	8110000	4294
25	8120000	5018
25	8130000	4283
25	8140000	4327
25	8150000	4322
25	8160000	4293
25	8170000	4322
25	8180000	4297
25	8190000	4352
25	8200000	4339
25	8210000	4353
25	8220000	5055
25	8230000	4587
25	8240000	4334
25	8250000	4346
25	8260000	4336
25	8270000	4361
25	8280000	4349
25	8290000	4381
25	8300000	4394
25	8310000	4393
25	8320000	4404
25	8330000	5122
25	8340000	4380
25	8350000	4404
25	8360000	4404
25	8370000	4476
25	8380000	4410
25	8390000	4555
25	8400000	4436
25	8410000	4410
25	8420000	4428
25	8430000	5184
25	8440000	5221
25	8450000	4464
25	8460000	4463
25	8470000	4468
25	8480000	4515
25	8490000	4470
25	8500000	4557
25	8510000	4480
25	8520000	4517
25	8530000	4484
25	8540000	5370
25	8550000	5332
25	8560000	4543
25	8570000	4562
25	8580000	4620
25	8590000	4532
25	8600000	4560
25	8610000	4521
25	8620000	4566
25	8630000	4550
25	8640000	4574
25	8650000	5412
25	8660000	5428
25	8670000	4585
25	8680000	4556
25	8690000	4671
25	8700000	4589
25	8710000	4599
25	8720000	4649
25	8730000	4629
25	8740000	4588
25	8750000	4604
25	8760000	4676
25	8770000	5472
25	8780000	4954
25	8790000	4626
25	8800000	4674
25	8810000	4630
25	8820000	4724
25	8830000	4631
25	8840000	4648
25	8850000	4713
25	8860000	4676
25	8870000	4670
25	8880000	4749
25	8890000	5539
25	8900000	4672
25	8910000	4723
25	8920000	4677
25	8930000	4682
25	8940000	4679
25	8950000	4749
25	8960000	4716
25	8970000	4750
25	8980000	4729
25	8990000	4734
25	9000000	4883
25	9010000	5671
25	9020000	4968
25	9030000	4732
25	9040000	4754
25	9050000	4809
25	9060000	4748
25	9070000	5013
25	9080000	4791
25	9090000	4748
25	9100000	4797
25	9110000	4798
25	9120000	4814
25	9130000	5722
25	9140000	5741
25	9150000	4807
25	9160000	4813
25	9170000	4843
25	9180000	4834
25	9190000	4822
25	9200000	4819
25	9210000	4848
25	9220000	4880
25	9230000	4857
25	9240000	4891
25	9250000	5080
25	9260000	5804
25	9270000	5847
25	9280000	4874
25	9290000	4879
25	9300000	4869
25	9310000	4893
25	9320000	4893
25	9330000	4930
25	9340000	4901
25	9350000	4943
25	9360000	4914
25	9370000	4904
25	9380000	4911
25	9390000	5901
25	9400000	5923
25	9410000	4934
25	9420000	4913
25	9430000	4918
25	9440000	4965
25	9450000	4939
25	9460000	4907
25	9470000	4915
25	9480000	4955
25	9490000	4961
25	9500000	4965
25	9510000	4942
25	9520000	4937
25	9530000	5952
25	9540000	5963
25	9550000	4963
25	9560000	4970
25	9570000	4979
25	9580000	4989
25	9590000	4995
25	9600000	4991
25	9610000	5064
25	9620000	5022
25	9630000	5016
25	9640000	5049
25	9650000	5081
25	9660000	5045
25	9670000	6062
25	9680000	6075
25	9690000	5034
25	9700000	5115
25	9710000	5082
25	9720000	5154
25	9730000	5034
25	9740000	5102
25	9750000	5050
25	9760000	5168
25	9770000	5061
25	9780000	5088
25	9790000	5352
25	9800000	5120
25	9810000	6347
25	9820000	6166
25	9830000	5186
25	9840000	5098
25	9850000	5084
25	9860000	5112
25	9870000	5178
25	9880000	5139
25	9890000	5126
25	9900000	5127
25	9910000	5116
25	9920000	5185
25	9930000	5191
25	9940000	5189
25	9950000	5153
25	9960000	6467
25	9970000	6230
25	9980000	5174
25	9990000	5247
25	10000000	5217
