25	1000000	753
25	1010000	813
25	1020000	772
25	1030000	779
25	1040000	787
25	1050000	793
25	1060000	810
25	1070000	807
25	1080000	812
25	1090000	833
25	1100000	829
25	1110000	861
25	1120000	879
25	1130000	872
25	1140000	881
25	1150000	884
25	1160000	897
25	1170000	911
25	1180000	905
25	1190000	924
25	1200000	911
25	1210000	954
25	1220000	945
25	1230000	946
25	1240000	968
25	1250000	966
25	1260000	998
25	1270000	1008
25	1280000	1006
25	1290000	1004
25	1300000	1020
25	1310000	1028
25	1320000	1037
25	1330000	1038
25	1340000	1036
25	1350000	1064
25	1360000	1068
25	1370000	1093
25	1380000	1105
25	1390000	1099
25	1400000	1093
25	1410000	1115
25	1420000	1102
25	1430000	1129
25	1440000	1143
25	1450000	1150
25	1460000	1135
25	1470000	1154
25	1480000	1175
25	1490000	1161
25	1500000	1218
25	1510000	1224
25	1520000	1206
25	1530000	1191
25	1540000	1235
25	1550000	1236
25	1560000	1247
25	1570000	1270
25	1580000	1255
25	1590000	1290
25	1600000	1288
25	1610000	1314
25	1620000	1333
25	1630000	1344
25	1640000	1315
25	1650000	1330
25	1660000	1350
25	1670000	1367
25	1680000	1361
25	1690000	1383
25	1700000	1378
25	1710000	1398
25	1720000	1384
25	1730000	1432
25	1740000	1409
25	1750000	1425
25	1760000	1431
25	1770000	1442
25	1780000	1435
25	1790000	1470
25	1800000	1467
25	1810000	1487
25	1820000	1474
25	1830000	1495
25	1840000	1512
25	1850000	1507
25	1860000	1536
25	1870000	1522
25	1880000	1525
25	1890000	1546
25	1900000	1574
25	1910000	1551
25	1920000	1547
25	1930000	1562
25	1940000	1583
25	1950000	1575
25	1960000	1580
25	1970000	1598
25	1980000	1603
25	1990000	1609
25	2000000	1622
25	2010000	1637
25	2020000	1653
25	2030000	1638
25	2040000	1638
25	2050000	1661
25	2060000	1682
25	2070000	1684
25	2080000	1720
25	2090000	1697
25	2100000	1728
25	2110000	1720
25	2120000	1751
25	2130000	1750
25	2140000	1740
25	2150000	1776
25	2160000	1792
25	2170000	1777
25	2180000	1774
25	2190000	1780
25	2200000	1788
25	2210000	1808
25	2220000	1803
25	2230000	1816
25	2240000	1830
25	2250000	1828
25	2260000	1851
25	2270000	1874
25	2280000	1859
25	2290000	1870
25	2300000	1874
25	2310000	1867
25	2320000	1925
25	2330000	1911
25	2340000	1918
25	2350000	1972
25	2360000	1953
25	2370000	1963
25	2380000	1943
25	2390000	1938
25	2400000	1964
25	2410000	2030
25	2420000	1981
25	2430000	2047
25	2440000	2102
25	2450000	2122
25	2460000	2067
25	2470000	2066
25	2480000	2157
25	2490000	2152
25	2500000	2144
25	2510000	2144
25	2520000	2171
25	2530000	2189
25	2540000	2177
25	2550000	2150
25	2560000	2219
25	2570000	2167
25	2580000	2181
25	2590000	2242
25	2600000	2196
25	2610000	2246
25	2620000	2264
25	2630000	2274
25	2640000	2290
25	2650000	2331
25	2660000	2256
25	2670000	2323
25	2680000	2339
25	2690000	2291
25	2700000	2408
25	2710000	2422
25	2720000	2382
25	2730000	2405
25	2740000	2461
25	2750000	2390
25	2760000	2450
25	2770000	2482
25	2780000	2465
25	2790000	2483
25	2800000	2499
25	2810000	2482
25	2820000	2525
25	2830000	2522
25	2840000	2530
25	2850000	2560
25	2860000	2580
25	2870000	2577
25	2880000	2577
25	2890000	2546
25	2900000	2585
25	2910000	2604
25	2920000	2604
25	2930000	2624
25	2940000	2668
25	2950000	2662
25	2960000	2668
25	2970000	2683
25	2980000	2647
25	2990000	2691
25	3000000	2679
25	3010000	2694
25	3020000	2727
25	3030000	2698
25	3040000	2689
25	3050000	2748
25	3060000	2745
25	3070000	2753
25	3080000	2752
25	3090000	2773
25	3100000	2789
25	3110000	2764
25	3120000	2799
25	3130000	2728
25	3140000	2789
25	3150000	2826
25	3160000	2849
25	3170000	2864
25	3180000	2838
25	3190000	2888
25	3200000	2866
25	3210000	2830
25	3220000	2825
25	3230000	2857
25	3240000	2923
25	3250000	2872
25	3260000	2918
25	3270000	2886
25	3280000	2919
25	3290000	2906
25	3300000	2894
25	3310000	2973
25	3320000	2942
25	3330000	2925
25	3340000	2947
25	3350000	2957
25	3360000	2973
25	3370000	2958
25	3380000	2994
25	3390000	3042
25	3400000	3014
25	3410000	3023
25	3420000	3050
25	3430000	3078
25	3440000	3073
25	3450000	3103
25	3460000	3062
25	3470000	3071
25	3480000	3053
25	3490000	3106
25	3500000	3097
25	3510000	3129
25	3520000	3110
25	3530000	3155
25	3540000	3144
25	3550000	3155
25	3560000	3184
25	3570000	3179
25	3580000	3160
25	3590000	3200
25	3600000	3214
25	3610000	3254
25	3620000	3233
25	3630000	3209
25	3640000	3224
25	3650000	3217
25	3660000	3213
25	3670000	3260
25	3680000	3227
25	3690000	3246
25	3700000	3257
25	3710000	3287
25	3720000	3305
25	3730000	3325
25	3740000	3327
25	3750000	3325
25	3760000	3324
25	3770000	3360
25	3780000	3370
25	3790000	3360
25	3800000	3401
25	3810000	3364
25	3820000	3379
25	3830000	3388
25	3840000	3404
25	3850000	3416
25	3860000	3406
25	3870000	3416
25	3880000	3429
25	3890000	3418
25	3900000	3493
25	3910000	3451
25	3920000	3429
25	3930000	3492
25	3940000	3460
25	3950000	3495
25	3960000	3518
25	3970000	3511
25	3980000	3537
25	3990000	3556
25	4000000	3549
25	4010000	3564
25	4020000	3587
25	4030000	3568
25	4040000	3581
25	4050000	3561
25	4060000	3578
25	4070000	3576
25	4080000	3647
25	4090000	3620
25	4100000	3754
25	4110000	3748
25	4120000	3733
25	4130000	3767
25	4140000	3772
25	4150000	3784
25	4160000	3779
25	4170000	3783
25	4180000	3765
25	4190000	3817
25	4200000	3814
25	4210000	3812
25	4220000	3875
25	4230000	3841
25	4240000	3912
25	4250000	3878
25	4260000	3872
25	4270000	3887
25	4280000	3883
25	4290000	3912
25	4300000	3881
25	4310000	3906
25	4320000	3938
25	4330000	3923
25	4340000	3937
25	4350000	3966
25	4360000	3987
25	4370000	3929
25	4380000	3981
25	4390000	4006
25	4400000	4022
25	4410000	4035
25	4420000	4040
25	4430000	4034
25	4440000	4059
25	4450000	4046
25	4460000	4101
25	4470000	4133
25	4480000	4129
25	4490000	4123
25	4500000	4133
25	4510000	4127
25	4520000	4160
25	4530000	4135
25	4540000	4166
25	4550000	4213
25	4560000	4202
25	4570000	4207
25	4580000	4199
25	4590000	4273
25	4600000	4236
25	4610000	4456
25	4620000	4461
25	4630000	4447
25	4640000	4479
25	4650000	4473
25	4660000	4497
25	4670000	4468
25	4680000	4513
25	4690000	4528
25	4700000	4503
25	4710000	4544
25	4720000	4563
25	4730000	4560
25	4740000	4539
25	4750000	4588
25	4760000	4594
25	4770000	4596
25	4780000	4589
25	4790000	4628
25	4800000	4617
25	4810000	4687
25	4820000	4668
25	4830000	4706
25	4840000	4702
25	4850000	4705
25	4860000	4717
25	4870000	4713
25	4880000	4713
25	4890000	4762
25	4900000	4744
25	4910000	4761
25	4920000	4745
25	4930000	4784
25	4940000	4768
25	4950000	4807
25	4960000	4814
25	4970000	4793
25	4980000	4808
25	4990000	4805
25	5000000	4858
25	5010000	4865
25	5020000	4865
25	5030000	4901
25	5040000	4907
25	5050000	4889
25	5060000	4907
25	5070000	4926
25	5080000	4931
25	5090000	4929
25	5100000	4938
25	5110000	4943
25	5120000	4988
25	5130000	4979
25	5140000	5013
25	5150000	4983
25	5160000	5047
25	5170000	4962
25	5180000	4980
25	5190000	5035
25	5200000	5046
25	5210000	5088
25	5220000	5044
25	5230000	5040
25	5240000	5050
25	5250000	5082
25	5260000	5090
25	5270000	5087
25	5280000	5096
25	5290000	5127
25	5300000	5095
25	5310000	5138
25	5320000	5094
25	5330000	5141
25	5340000	5142
25	5350000	5138
25	5360000	5167
25	5370000	5165
25	5380000	5212
25	5390000	5196
25	5400000	5189
25	5410000	5218
25	5420000	5221
25	5430000	5225
25	5440000	5218
25	5450000	5258
25	5460000	5317
25	5470000	5234
25	5480000	5243
25	5490000	5284
25	5500000	5316
25	5510000	5314
25	5520000	5334
25	5530000	5360
25	5540000	5330
25	5550000	5368
25	5560000	5381
25	5570000	5414
25	5580000	5388
25	5590000	5355
25	5600000	5405
25	5610000	5426
25	5620000	5422
25	5630000	5431
25	5640000	5488
25	5650000	5542
25	5660000	5518
25	5670000	5532
25	5680000	5585
25	5690000	5548
25	5700000	5586
25	5710000	5547
25	5720000	5569
25	5730000	5562
25	5740000	5620
25	5750000	5614
25	5760000	5629
25	5770000	5641
25	5780000	5642
25	5790000	5674
25	5800000	5630
25	5810000	5689
25	5820000	5700
25	5830000	5697
25	5840000	5681
25	5850000	5706
25	5860000	5718
25	5870000	5729
25	5880000	5745
25	5890000	5744
25	5900000	5756
25	5910000	5761
25	5920000	5771
25	5930000	5860
25	5940000	5852
25	5950000	5883
25	5960000	5878
25	5970000	5926
25	5980000	5930
25	5990000	5898
25	6000000	5905
25	6010000	5937
25	6020000	5958
25	6030000	5929
25	6040000	5959
25	6050000	5995
25	6060000	6017
25	6070000	5997
25	6080000	5995
25	6090000	6035
25	6100000	6029
25	6110000	6038
25	6120000	6084
25	6130000	6072
25	6140000	6060
25	6150000	6072
25	6160000	6082
25	6170000	6179
25	6180000	6128
25	6190000	6194
25	6200000	6180
25	6210000	6233
25	6220000	6212
25	6230000	6189
25	6240000	6253
25	6250000	6196
25	6260000	6282
25	6270000	6241
25	6280000	6256
25	6290000	6239
25	6300000	6331
25	6310000	6279
25	6320000	6325
25	6330000	6344
25	6340000	6328
25	6350000	6350
25	6360000	6364
25	6370000	6359
25	6380000	6350
25	6390000	6378
25	6400000	6418
25	6410000	6447
25	6420000	6382
25	6430000	6415
25	6440000	6407
25	6450000	6492
25	6460000	6470
25	6470000	6454
25	6480000	6473
25	6490000	6543
25	6500000	6485
25	6510000	6542
25	6520000	6545
25	6530000	6496
25	6540000	6591
25	6550000	6551
25	6560000	6557
25	6570000	6614
25	6580000	6555
25	6590000	6583
25	6600000	6606
25	6610000	6621
25	6620000	6606
25	6630000	6672
25	6640000	6643
25	6650000	6616
25	6660000	6662
25	6670000	6662
25	6680000	6675
25	6690000	6664
25	6700000	6930
25	6710000	6969
25	6720000	6906
25	6730000	6905
25	6740000	6963
25	6750000	6949
25	6760000	6950
25	6770000	6972
25	6780000	6989
25	6790000	6989
25	6800000	7007
25	6810000	7047
25	6820000	7014
25	6830000	7054
25	6840000	7083
25	6850000	7062
25	6860000	7079
25	6870000	7126
25	6880000	7098
25	6890000	7105
25	6900000	7146
25	6910000	7172
25	6920000	7177
25	6930000	7194
25	6940000	7129
25	6950000	7178
25	6960000	7172
25	6970000	7182
25	6980000	7236
25	6990000	7227
25	7000000	7243
25	7010000	7221
25	7020000	7218
25	7030000	7290
25	7040000	7277
25	7050000	7276
25	7060000	7305
25	7070000	7330
25	7080000	7279
25	7090000	7585
25	7100000	7316
25	7110000	7385
25	7120000	7334
25	7130000	7369
25	7140000	7370
25	7150000	8204
25	7160000	7401
25	7170000	7709
25	7180000	7447
25	7190000	8250
25	7200000	7411
25	7210000	8272
25	7220000	7417
25	7230000	7417
25	7240000	7491
25	7250000	7482
25	7260000	7547
25	7270000	8329
25	7280000	7516
25	7290000	7506
25	7300000	7559
25	7310000	7551
25	7320000	7578
25	7330000	7622
25	7340000	7584
25	7350000	7624
25	7360000	7598
25	7370000	7633
25	7380000	7630
25	7390000	7603
25	7400000	7615
25	7410000	7665
25	7420000	7947
25	7430000	7705
25	7440000	7649
25	7450000	7667
25	7460000	7728
25	7470000	7728
25	7480000	7683
25	7490000	7731
25	7500000	8008
25	7510000	7775
25	7520000	8672
25	7530000	7798
25	7540000	7758
25	7550000	7786
25	7560000	8664
25	7570000	8057
25	7580000	7804
25	7590000	7852
25	7600000	7810
25	7610000	7834
25	7620000	7911
25	7630000	7829
25	7640000	7865
25	7650000	7875
25	7660000	7868
25	7670000	7874
25	7680000	7930
25	7690000	7876
25	7700000	7985
25	7710000	8233
25	7720000	8234
25	7730000	8276
25	7740000	8964
25	7750000	8259
25	7760000	8247
25	7770000	8305
25	7780000	8309
25	7790000	8287
25	7800000	8309
25	7810000	8313
25	7820000	8337
25	7830000	9055
25	7840000	8375
25	7850000	8388
25	7860000	8399
25	7870000	8394
25	7880000	8394
25	7890000	8427
25	7900000	8420
25	7910000	8419
25	7920000	8503
25	7930000	9174
25	7940000	8496
25	7950000	8493
25	7960000	8483
25	7970000	8466
25	7980000	8513
25	7990000	8503
25	8000000	8517
25	8010000	8500
25	8020000	9253
25	8030000	8747
25	8040000	8507
25	8050000	8620
25	8060000	8537
25	8070000	8560
25	8080000	8598
25	8090000	8573
25	8100000	8573
25	8110000	8609
25	8120000	9362
25	8130000	8611
25	8140000	8633
25	8150000	8619
25	8160000	8668
25	8170000	8690
25	8180000	8704
25	8190000	8724
25	8200000	8731
25	8210000	8717
25	8220000	9480
25	8230000	8974
25	8240000	8717
25	8250000	8723
25	8260000	8747
25	8270000	8781
25	8280000	8802
25	8290000	8795
25	8300000	8813
25	8310000	8822
25	8320000	8858
25	8330000	9609
25	8340000	8840
25	8350000	8851
25	8360000	8860
25	8370000	8844
25	8380000	8895
25	8390000	8925
25	8400000	8913
25	8410000	8934
25	8420000	8946
25	8430000	9736
25	8440000	9744
25	8450000	9265
25	8460000	9275
25	8470000	9266
25	8480000	9298
25	8490000	9318
25	8500000	9320
25	8510000	9341
25	8520000	9380
25	8530000	9344
25	8540000	10216
25	8550000	10228
25	8560000	9388
25	8570000	9428
25	8580000	9587
25	8590000	9614
25	8600000	9620
25	8610000	9596
25	8620000	9623
25	8630000	9640
25	8640000	9637
25	8650000	10549
25	8660000	10608
25	8670000	9731
25	8680000	9696
25	8690000	9680
25	8700000	9708
25	8710000	9724
25	8720000	9748
25	8730000	9734
25	8740000	9799
25	8750000	9770
25	8760000	9766
25	8770000	10713
25	8780000	10061
25	8790000	9877
25	8800000	9811
25	8810000	9808
25	8820000	9840
25	8830000	9882
25	8840000	9873
25	8850000	9873
25	8860000	9893
25	8870000	9873
25	8880000	9921
25	8890000	10859
25	8900000	9908
25	8910000	9994
25	8920000	9939
25	8930000	9944
25	8940000	9998
25	8950000	9957
25	8960000	10021
25	8970000	9998
25	8980000	10047
25	8990000	9983
25	9000000	10050
25	9010000	11025
25	9020000	10292
25	9030000	10040
25	9040000	10074
25	9050000	10085
25	9060000	10130
25	9070000	10098
25	9080000	10114
25	9090000	10135
25	9100000	10137
25	9110000	10170
25	9120000	10162
25	9130000	11149
25	9140000	11190
25	9150000	10185
25	9160000	10200
25	9170000	10217
25	9180000	10245
25	9190000	10283
25	9200000	10250
25	9210000	10273
25	9220000	10282
25	9230000	10308
25	9240000	10302
25	9250000	10357
25	9260000	11326
25	9270000	11346
25	9280000	10328
25	9290000	10391
25	9300000	10393
25	9310000	10395
25	9320000	10386
25	9330000	10418
25	9340000	10394
25	9350000	10428
25	9360000	10428
25	9370000	10459
25	9380000	10466
25	9390000	11504
25	9400000	11503
25	9410000	10523
25	9420000	10509
25	9430000	10521
25	9440000	10530
25	9450000	10578
25	9460000	10543
25	9470000	10609
25	9480000	10654
25	9490000	10588
25	9500000	10580
25	9510000	10576
25	9520000	10577
25	9530000	11630
25	9540000	11667
25	9550000	10617
25	9560000	10650
25	9570000	10631
25	9580000	10656
25	9590000	10664
25	9600000	10704
25	9610000	10721
25	9620000	10704
25	9630000	10732
25	9640000	10742
25	9650000	10746
25	9660000	10829
25	9670000	11855
25	9680000	11876
25	9690000	10794
25	9700000	10890
25	9710000	10812
25	9720000	10811
25	9730000	10859
25	9740000	10859
25	9750000	10847
25	9760000	10877
25	9770000	10895
25	9780000	10916
25	9790000	10925
25	9800000	10909
25	9810000	12049
25	9820000	12062
25	9830000	10992
25	9840000	10920
25	9850000	10953
25	9860000	10988
25	9870000	10980
25	9880000	11042
25	9890000	11021
25	9900000	11051
25	9910000	11063
25	9920000	11050
25	9930000	11080
25	9940000	11101
25	9950000	11125
25	9960000	12239
25	9970000	12278
25	9980000	11105
25	9990000	11096
25	10000000	11119
