25	1000000	691
25	1010000	726
25	1020000	714
25	1030000	715
25	1040000	710
25	1050000	729
25	1060000	762
25	1070000	747
25	1080000	756
25	1090000	765
25	1100000	760
25	1110000	763
25	1120000	791
25	1130000	961
25	1140000	948
25	1150000	982
25	1160000	953
25	1170000	975
25	1180000	993
25	1190000	994
25	1200000	1007
25	1210000	1030
25	1220000	1027
25	1230000	1024
25	1240000	1033
25	1250000	1048
25	1260000	1053
25	1270000	1074
25	1280000	1063
25	1290000	1102
25	1300000	1074
25	1310000	1106
25	1320000	1092
25	1330000	1114
25	1340000	1115
25	1350000	1111
25	1360000	1115
25	1370000	1147
25	1380000	1162
25	1390000	1155
25	1400000	1158
25	1410000	1144
25	1420000	1167
25	1430000	1210
25	1440000	1205
25	1450000	1194
25	1460000	1188
25	1470000	1231
25	1480000	1242
25	1490000	1212
25	1500000	1256
25	1510000	1245
25	1520000	1255
25	1530000	1249
25	1540000	1270
25	1550000	1308
25	1560000	1276
25	1570000	1319
25	1580000	1306
25	1590000	1340
25	1600000	1335
25	1610000	1343
25	1620000	1336
25	1630000	1346
25	1640000	1356
25	1650000	1378
25	1660000	1372
25	1670000	1398
25	1680000	1400
25	1690000	1409
25	1700000	1405
25	1710000	1414
25	1720000	1424
25	1730000	1428
25	1740000	1446
25	1750000	1450
25	1760000	1445
25	1770000	1453
25	1780000	1494
25	1790000	1510
25	1800000	1516
25	1810000	1492
25	1820000	1529
25	1830000	1517
25	1840000	1542
25	1850000	1536
25	1860000	1534
25	1870000	1576
25	1880000	1574
25	1890000	1558
25	1900000	1598
25	1910000	1610
25	1920000	1592
25	1930000	1600
25	1940000	1645
25	1950000	1627
25	1960000	1660
25	1970000	1635
25	1980000	1664
25	1990000	1693
25	2000000	1663
25	2010000	1669
25	2020000	1713
25	2030000	1722
25	2040000	1700
25	2050000	1749
25	2060000	1732
25	2070000	1751
25	2080000	1775
25	2090000	1753
25	2100000	1757
25	2110000	1773
25	2120000	1785
25	2130000	1801
25	2140000	1816
25	2150000	1821
25	2160000	1841
25	2170000	1838
25	2180000	1865
25	2190000	1863
25	2200000	1897
25	2210000	1902
25	2220000	1915
25	2230000	1911
25	2240000	1933
25	2250000	1942
25	2260000	1913
25	2270000	1962
25	2280000	1978
25	2290000	1974
25	2300000	1986
25	2310000	2004
25	2320000	2036
25	2330000	2021
25	2340000	2005
25	2350000	2030
25	2360000	2030
25	2370000	2042
25	2380000	2063
25	2390000	2070
25	2400000	2070
25	2410000	2374
25	2420000	2418
25	2430000	2378
25	2440000	2412
25	2450000	2421
25	2460000	2438
25	2470000	2429
25	2480000	2429
25	2490000	2460
25	2500000	2475
25	2510000	2470
25	2520000	2483
25	2530000	2484
25	2540000	2519
25	2550000	2506
25	2560000	2501
25	2570000	2537
25	2580000	2542
25	2590000	2552
25	2600000	2554
25	2610000	2550
25	2620000	2578
25	2630000	2577
25	2640000	2604
25	2650000	2644
25	2660000	2618
25	2670000	2678
25	2680000	2645
25	2690000	2645
25	2700000	2690
25	2710000	2713
25	2720000	2658
25	2730000	2672
25	2740000	2706
25	2750000	2706
25	2760000	2738
25	2770000	2702
25	2780000	2711
25	2790000	2739
25	2800000	2725
25	2810000	2764
25	2820000	2752
25	2830000	2771
25	2840000	2785
25	2850000	2788
25	2860000	2854
25	2870000	2823
25	2880000	2811
25	2890000	2861
25	2900000	2828
25	2910000	2879
25	2920000	2871
25	2930000	2857
25	2940000	2937
25	2950000	2919
25	2960000	2880
25	2970000	2921
25	2980000	2938
25	2990000	2961
25	3000000	2949
25	3010000	2942
25	3020000	3019
25	3030000	2976
25	3040000	2972
25	3050000	3036
25	3060000	3009
25	3070000	3031
25	3080000	3071
25	3090000	3076
25	3100000	3046
25	3110000	3059
25	3120000	3062
25	3130000	3148
25	3140000	3085
25	3150000	3131
25	3160000	3111
25	3170000	3143
25	3180000	3156
25	3190000	3125
25	3200000	3125
25	3210000	3190
25	3220000	3187
25	3230000	3172
25	3240000	3203
25	3250000	3214
25	3260000	3215
25	3270000	3268
25	3280000	3235
25	3290000	3258
25	3300000	3245
25	3310000	3268
25	3320000	3287
25	3330000	3281
25	3340000	3302
25	3350000	3310
25	3360000	3362
25	3370000	3310
25	3380000	3354
25	3390000	3340
25	3400000	3348
25	3410000	3349
25	3420000	3371
25	3430000	3390
25	3440000	3420
25	3450000	3420
25	3460000	3450
25	3470000	3487
25	3480000	3444
25	3490000	3440
25	3500000	3471
25	3510000	3518
25	3520000	3516
25	3530000	3487
25	3540000	3498
25	3550000	3506
25	3560000	3534
25	3570000	3572
25	3580000	3674
25	3590000	3555
25	3600000	3627
25	3610000	3630
25	3620000	3739
25	3630000	3730
25	3640000	3681
25	3650000	3662
25	3660000	3687
25	3670000	3859
25	3680000	3681
25	3690000	3813
25	3700000	3721
25	3710000	3770
25	3720000	3784
25	3730000	3805
25	3740000	3765
25	3750000	3867
25	3760000	3785
25	3770000	3825
25	3780000	3811
25	3790000	3856
25	3800000	3876
25	3810000	3897
25	3820000	3907
25	3830000	3880
25	3840000	3865
25	3850000	3942
25	3860000	3894
25	3870000	3907
25	3880000	3913
25	3890000	3988
25	3900000	3998
25	3910000	4010
25	3920000	4026
25	3930000	3966
25	3940000	3986
25	3950000	4019
25	3960000	4009
25	3970000	4050
25	3980000	4054
25	3990000	4053
25	4000000	4058
25	4010000	4093
25	4020000	4131
25	4030000	4096
25	4040000	4131
25	4050000	4112
25	4060000	4122
25	4070000	4137
25	4080000	4223
25	4090000	4143
25	4100000	4210
25	4110000	4210
25	4120000	4224
25	4130000	4240
25	4140000	4238
25	4150000	4229
25	4160000	4263
25	4170000	4263
25	4180000	4242
25	4190000	4261
25	4200000	4363
25	4210000	4313
25	4220000	4286
25	4230000	4366
25	4240000	4336
25	4250000	4892
25	4260000	4493
25	4270000	4926
25	4280000	4975
25	4290000	4917
25	4300000	5042
25	4310000	4923
25	4320000	4597
25	4330000	5025
25	4340000	5089
25	4350000	4577
25	4360000	5074
25	4370000	5054
25	4380000	5105
25	4390000	5013
25	4400000	5205
25	4410000	5080
25	4420000	4686
25	4430000	4652
25	4440000	5101
25	4450000	5118
25	4460000	5192
25	4470000	4717
25	4480000	4688
25	4490000	5139
25	4500000	5209
25	4510000	5215
25	4520000	5229
25	4530000	4751
25	4540000	4761
25	4550000	5278
25	4560000	5353
25	4570000	4815
25	4580000	5273
25	4590000	4832
25	4600000	5381
25	4610000	4835
25	4620000	5363
25	4630000	4918
25	4640000	5414
25	4650000	5309
25	4660000	5360
25	4670000	5395
25	4680000	4962
25	4690000	5398
25	4700000	5461
25	4710000	5436
25	4720000	5505
25	4730000	4953
25	4740000	4992
25	4750000	5500
25	4760000	5521
25	4770000	5426
25	4780000	5085
25	4790000	5029
25	4800000	5494
25	4810000	5072
25	4820000	5554
25	4830000	5067
25	4840000	5201
25	4850000	5562
25	4860000	5579
25	4870000	5165
25	4880000	5123
25	4890000	5676
25	4900000	5584
25	4910000	5175
25	4920000	5245
25	4930000	5624
25	4940000	5628
25	4950000	5721
25	4960000	5248
25	4970000	5218
25	4980000	5671
25	4990000	5681
25	5000000	5751
25	5010000	5732
25	5020000	5775
25	5030000	5721
25	5040000	5380
25	5050000	5297
25	5060000	5807
25	5070000	5833
25	5080000	5870
25	5090000	5804
25	5100000	5964
25	5110000	5858
25	5120000	5860
25	5130000	5862
25	5140000	5460
25	5150000	5988
25	5160000	5905
25	5170000	5974
25	5180000	5469
25	5190000	5516
25	5200000	5908
25	5210000	5499
25	5220000	5988
25	5230000	5625
25	5240000	5529
25	5250000	5552
25	5260000	5552
25	5270000	6024
25	5280000	6088
25	5290000	6115
25	5300000	6154
25	5310000	6140
25	5320000	6128
25	5330000	6105
25	5340000	5650
25	5350000	6202
25	5360000	5695
25	5370000	6148
25	5380000	6137
25	5390000	5730
25	5400000	5714
25	5410000	5735
25	5420000	5771
25	5430000	6221
25	5440000	6281
25	5450000	5843
25	5460000	5804
25	5470000	5837
25	5480000	5842
25	5490000	6260
25	5500000	6361
25	5510000	5868
25	5520000	5848
25	5530000	5860
25	5540000	6374
25	5550000	5911
25	5560000	6363
25	5570000	6365
25	5580000	6417
25	5590000	5919
25	5600000	6381
25	5610000	6452
25	5620000	5966
25	5630000	5956
25	5640000	6438
25	5650000	6467
25	5660000	6476
25	5670000	6490
25	5680000	6536
25	5690000	6604
25	5700000	6085
25	5710000	6607
25	5720000	6510
25	5730000	6082
25	5740000	6554
25	5750000	6125
25	5760000	6564
25	5770000	6134
25	5780000	6177
25	5790000	6169
25	5800000	6746
25	5810000	6725
25	5820000	6812
25	5830000	6219
25	5840000	6700
25	5850000	6682
25	5860000	6802
25	5870000	6282
25	5880000	6729
25	5890000	6736
25	5900000	6724
25	5910000	6792
25	5920000	6343
25	5930000	6299
25	5940000	6790
25	5950000	6887
25	5960000	6882
25	5970000	6358
25	5980000	6387
25	5990000	6886
25	6000000	6438
25	6010000	6417
25	6020000	6958
25	6030000	6897
25	6040000	6894
25	6050000	6892
25	6060000	6888
25	6070000	7049
25	6080000	7004
25	6090000	7016
25	6100000	6931
25	6110000	6555
25	6120000	6971
25	6130000	6604
25	6140000	7085
25	6150000	6554
25	6160000	6646
25	6170000	6612
25	6180000	7127
25	6190000	6631
25	6200000	7088
25	6210000	7090
25	6220000	7136
25	6230000	6664
25	6240000	7151
25	6250000	7161
25	6260000	7220
25	6270000	7185
25	6280000	7210
25	6290000	7158
25	6300000	6808
25	6310000	7168
25	6320000	7234
25	6330000	6792
25	6340000	7250
25	6350000	7276
25	6360000	6822
25	6370000	7435
25	6380000	6888
25	6390000	7322
25	6400000	7425
25	6410000	6963
25	6420000	7408
25	6430000	7403
25	6440000	7445
25	6450000	6972
25	6460000	7480
25	6470000	7021
25	6480000	7530
25	6490000	7409
25	6500000	6996
25	6510000	7520
25	6520000	7538
25	6530000	7032
25	6540000	7498
25	6550000	7535
25	6560000	7469
25	6570000	7626
25	6580000	7835
25	6590000	7148
25	6600000	7538
25	6610000	7815
25	6620000	7926
25	6630000	7581
25	6640000	7584
25	6650000	7657
25	6660000	7836
25	6670000	7760
25	6680000	7764
25	6690000	7726
25	6700000	7640
25	6710000	7849
25	6720000	7864
25	6730000	8010
25	6740000	7874
25	6750000	7888
25	6760000	7860
25	6770000	8136
25	6780000	7833
25	6790000	7788
25	6800000	7923
25	6810000	8026
25	6820000	7942
25	6830000	7937
25	6840000	8068
25	6850000	8007
25	6860000	7981
25	6870000	8169
25	6880000	8098
25	6890000	8265
25	6900000	8155
25	6910000	8095
25	6920000	8084
25	6930000	8248
25	6940000	8108
25	6950000	8109
25	6960000	8870
25	6970000	8115
25	6980000	8210
25	6990000	8244
25	7000000	8213
25	7010000	8237
25	7020000	8192
25	7030000	8250
25	7040000	8213
25	7050000	8173
25	7060000	8457
25	7070000	8235
25	7080000	8247
25	7090000	8260
25	7100000	8456
25	7110000	8423
25	7120000	8307
25	7130000	8461
25	7140000	8461
25	7150000	8441
25	7160000	8374
25	7170000	8363
25	7180000	8644
25	7190000	8574
25	7200000	8432
25	7210000	8414
25	7220000	8605
25	7230000	8669
25	7240000	8585
25	7250000	8406
25	7260000	8644
25	7270000	8467
25	7280000	8521
25	7290000	8605
25	7300000	8519
25	7310000	8513
25	7320000	8537
25	7330000	8606
25	7340000	8583
25	7350000	8617
25	7360000	8624
25	7370000	8820
25	7380000	8621
25	7390000	8773
25	7400000	8632
25	7410000	8670
25	7420000	8638
25	7430000	8832
25	7440000	8738
25	7450000	8740
25	7460000	8721
25	7470000	8809
25	7480000	8823
25	7490000	8819
25	7500000	8846
25	7510000	8735
25	7520000	8928
25	7530000	8848
25	7540000	8972
25	7550000	8914
25	7560000	8904
25	7570000	8923
25	7580000	8975
25	7590000	8936
25	7600000	8920
25	7610000	8945
25	7620000	9016
25	7630000	8910
25	7640000	8941
25	7650000	9048
25	7660000	9034
25	7670000	9010
25	7680000	9116
25	7690000	8967
25	7700000	9105
25	7710000	9085
25	7720000	9007
25	7730000	9041
25	7740000	9054
25	7750000	9123
25	7760000	9044
25	7770000	9134
25	7780000	9086
25	7790000	9140
25	7800000	9329
25	7810000	9134
25	7820000	9169
25	7830000	9233
25	7840000	9266
25	7850000	9147
25	7860000	9267
25	7870000	9250
25	7880000	9339
25	7890000	9325
25	7900000	9324
25	7910000	9291
25	7920000	9450
25	7930000	9300
25	7940000	9251
25	7950000	9285
25	7960000	9320
25	7970000	9307
25	7980000	9309
25	7990000	9333
25	8000000	9413
25	8010000	9403
25	8020000	9494
25	8030000	9538
25	8040000	9542
25	8050000	9390
25	8060000	9781
25	8070000	9468
25	8080000	9440
25	8090000	9487
25	8100000	9544
25	8110000	9439
25	8120000	9560
25	8130000	9588
25	8140000	9543
25	8150000	9587
25	8160000	9599
25	8170000	9590
25	8180000	9563
25	8190000	9694
25	8200000	9573
25	8210000	9658
25	8220000	9558
25	8230000	9668
25	8240000	9683
25	8250000	9718
25	8260000	9678
25	8270000	9669
25	8280000	9744
25	8290000	9713
25	8300000	9760
25	8310000	9815
25	8320000	9765
25	8330000	9817
25	8340000	9864
25	8350000	9887
25	8360000	9708
25	8370000	9753
25	8380000	9841
25	8390000	9824
25	8400000	9823
25	8410000	9819
25	8420000	9941
25	8430000	9953
25	8440000	9836
25	8450000	9882
25	8460000	9977
25	8470000	9975
25	8480000	9924
25	8490000	10079
25	8500000	9967
25	8510000	10143
25	8520000	10009
25	8530000	10110
25	8540000	10037
25	8550000	10111
25	8560000	10126
25	8570000	10045
25	8580000	10118
25	8590000	10128
25	8600000	10117
25	8610000	10114
25	8620000	10095
25	8630000	10150
25	8640000	10194
25	8650000	10260
25	8660000	10116
25	8670000	10188
25	8680000	10183
25	8690000	10157
25	8700000	10337
25	8710000	10199
25	8720000	10345
25	8730000	10293
25	8740000	10344
25	8750000	10315
25	8760000	10270
25	8770000	10395
25	8780000	10319
25	8790000	10319
25	8800000	10472
25	8810000	10365
25	8820000	11183
25	8830000	10465
25	8840000	10423
25	8850000	10378
25	8860000	10599
25	8870000	10922
25	8880000	10454
25	8890000	10407
25	8900000	10460
25	8910000	10497
25	8920000	10731
25	8930000	10542
25	8940000	10544
25	8950000	10493
25	8960000	10587
25	8970000	10649
25	8980000	10563
25	8990000	10514
25	9000000	10624
25	9010000	10620
25	9020000	10615
25	9030000	10626
25	9040000	10722
25	9050000	10574
25	9060000	10671
25	9070000	10693
25	9080000	10621
25	9090000	10670
25	9100000	10845
25	9110000	10810
25	9120000	10758
25	9130000	10649
25	9140000	10914
25	9150000	10764
25	9160000	10763
25	9170000	10748
25	9180000	10848
25	9190000	10851
25	9200000	10808
25	9210000	10923
25	9220000	10844
25	9230000	10906
25	9240000	10930
25	9250000	10939
25	9260000	11069
25	9270000	10933
25	9280000	10892
25	9290000	11037
25	9300000	10981
25	9310000	10978
25	9320000	11098
25	9330000	11051
25	9340000	11001
25	9350000	11149
25	9360000	11132
25	9370000	11046
25	9380000	11088
25	9390000	11199
25	9400000	11059
25	9410000	11108
25	9420000	11119
25	9430000	11175
25	9440000	11141
25	9450000	11271
25	9460000	11225
25	9470000	11138
25	9480000	11302
25	9490000	11412
25	9500000	11192
25	9510000	11175
25	9520000	11406
25	9530000	11395
25	9540000	11330
25	9550000	11317
25	9560000	11329
25	9570000	11314
25	9580000	11401
25	9590000	11354
25	9600000	11342
25	9610000	11415
25	9620000	11362
25	9630000	11474
25	9640000	11366
25	9650000	11381
25	9660000	11382
25	9670000	11547
25	9680000	11382
25	9690000	11438
25	9700000	11547
25	9710000	11448
25	9720000	11449
25	9730000	11627
25	9740000	11533
25	9750000	11564
25	9760000	11521
25	9770000	11500
25	9780000	11631
25	9790000	11647
25	9800000	11629
25	9810000	11559
25	9820000	11846
25	9830000	11796
25	9840000	11832
25	9850000	11663
25	9860000	11916
25	9870000	11976
25	9880000	11919
25	9890000	11834
25	9900000	11696
25	9910000	11692
25	9920000	11886
25	9930000	11745
25	9940000	11695
25	9950000	12043
25	9960000	12157
25	9970000	12172
25	9980000	11870
25	9990000	12017
25	10000000	12182
