2000	1000000	952
2000	1010000	941
2000	1020000	973
2000	1030000	958
2000	1040000	928
2000	1050000	986
2000	1060000	988
2000	1070000	1001
2000	1080000	972
2000	1090000	985
2000	1100000	1052
2000	1110000	1041
2000	1120000	1056
2000	1130000	1078
2000	1140000	1059
2000	1150000	1036
2000	1160000	1086
2000	1170000	1043
2000	1180000	1128
2000	1190000	1117
2000	1200000	1135
2000	1210000	1136
2000	1220000	1163
2000	1230000	1242
2000	1240000	1179
2000	1250000	1129
2000	1260000	1141
2000	1270000	1197
2000	1280000	1190
2000	1290000	1163
2000	1300000	1170
2000	1310000	1240
2000	1320000	1237
2000	1330000	1275
2000	1340000	1206
2000	1350000	1225
2000	1360000	1271
2000	1370000	1304
2000	1380000	1349
2000	1390000	1269
2000	1400000	1415
2000	1410000	1277
2000	1420000	1337
2000	1430000	1343
2000	1440000	1333
2000	1450000	1367
2000	1460000	1370
2000	1470000	1374
2000	1480000	1381
2000	1490000	1380
2000	1500000	1413
2000	1510000	1458
2000	1520000	1466
2000	1530000	1432
2000	1540000	1476
2000	1550000	1473
2000	1560000	1501
2000	1570000	1509
2000	1580000	1513
2000	1590000	1512
2000	1600000	1526
2000	1610000	1544
2000	1620000	1521
2000	1630000	1553
2000	1640000	1555
2000	1650000	1562
2000	1660000	1574
2000	1670000	1575
2000	1680000	1584
2000	1690000	1617
2000	1700000	1588
2000	1710000	1644
2000	1720000	1602
2000	1730000	1651
2000	1740000	1603
2000	1750000	1651
2000	1760000	1626
2000	1770000	1636
2000	1780000	1646
2000	1790000	1749
2000	1800000	1697
2000	1810000	1712
2000	1820000	1709
2000	1830000	1762
2000	1840000	1753
2000	1850000	1728
2000	1860000	1755
2000	1870000	1749
2000	1880000	1767
2000	1890000	1837
2000	1900000	1912
2000	1910000	1822
2000	1920000	1818
2000	1930000	1916
2000	1940000	1880
2000	1950000	1872
2000	1960000	1887
2000	1970000	1918
2000	1980000	1893
2000	1990000	1877
2000	2000000	1932
2000	2010000	1883
2000	2020000	1910
2000	2030000	1973
2000	2040000	1920
2000	2050000	2046
2000	2060000	1998
2000	2070000	1970
2000	2080000	1945
2000	2090000	2014
2000	2100000	1954
2000	2110000	1969
2000	2120000	2047
2000	2130000	1985
2000	2140000	2019
2000	2150000	2160
2000	2160000	2029
2000	2170000	2029
2000	2180000	2118
2000	2190000	2011
2000	2200000	2119
2000	2210000	2028
2000	2220000	2108
2000	2230000	2099
2000	2240000	2150
2000	2250000	2074
2000	2260000	2185
2000	2270000	2148
2000	2280000	2176
2000	2290000	2167
2000	2300000	2197
2000	2310000	2236
2000	2320000	2192
2000	2330000	2190
2000	2340000	2198
2000	2350000	2228
2000	2360000	2198
2000	2370000	2265
2000	2380000	2244
2000	2390000	2256
2000	2400000	2312
2000	2410000	2329
2000	2420000	2325
2000	2430000	2304
2000	2440000	2276
2000	2450000	2373
2000	2460000	2306
2000	2470000	2388
2000	2480000	2418
2000	2490000	2354
2000	2500000	2405
2000	2510000	2358
2000	2520000	2351
2000	2530000	2458
2000	2540000	2379
2000	2550000	2384
2000	2560000	2461
2000	2570000	2448
2000	2580000	2414
2000	2590000	2525
2000	2600000	2390
2000	2610000	2461
2000	2620000	2479
2000	2630000	2535
2000	2640000	2457
2000	2650000	2496
2000	2660000	2467
2000	2670000	2490
2000	2680000	2539
2000	2690000	2514
2000	2700000	2587
2000	2710000	2564
2000	2720000	2552
2000	2730000	2582
2000	2740000	2624
2000	2750000	2571
2000	2760000	2572
2000	2770000	2603
2000	2780000	2620
2000	2790000	2621
2000	2800000	2687
2000	2810000	2656
2000	2820000	2677
2000	2830000	2647
2000	2840000	2695
2000	2850000	2839
2000	2860000	2670
2000	2870000	2722
2000	2880000	2759
2000	2890000	2689
2000	2900000	2779
2000	2910000	2788
2000	2920000	2767
2000	2930000	2812
2000	2940000	2861
2000	2950000	2791
2000	2960000	2901
2000	2970000	2791
2000	2980000	2825
2000	2990000	2854
2000	3000000	2841
2000	3010000	2820
2000	3020000	2863
2000	3030000	2824
2000	3040000	2871
2000	3050000	2883
2000	3060000	2885
2000	3070000	2890
2000	3080000	2914
2000	3090000	2884
2000	3100000	2902
2000	3110000	2899
2000	3120000	2916
2000	3130000	2916
2000	3140000	2942
2000	3150000	3015
2000	3160000	3015
2000	3170000	2986
2000	3180000	3055
2000	3190000	3032
2000	3200000	3130
2000	3210000	3067
2000	3220000	3084
2000	3230000	3037
2000	3240000	3059
2000	3250000	3099
2000	3260000	3069
2000	3270000	3065
2000	3280000	3076
2000	3290000	3148
2000	3300000	3106
2000	3310000	3140
2000	3320000	3159
2000	3330000	3164
2000	3340000	3184
2000	3350000	3150
2000	3360000	3132
2000	3370000	3160
2000	3380000	3209
2000	3390000	3182
2000	3400000	3215
2000	3410000	3234
2000	3420000	3221
2000	3430000	3249
2000	3440000	3251
2000	3450000	3275
2000	3460000	3262
2000	3470000	3309
2000	3480000	3308
2000	3490000	3293
2000	3500000	3309
2000	3510000	3362
2000	3520000	3346
2000	3530000	3353
2000	3540000	3331
2000	3550000	3345
2000	3560000	3317
2000	3570000	3380
2000	3580000	3400
2000	3590000	3401
2000	3600000	3402
2000	3610000	3392
2000	3620000	3361
2000	3630000	3463
2000	3640000	3409
2000	3650000	3455
2000	3660000	3490
2000	3670000	3527
2000	3680000	3431
2000	3690000	3474
2000	3700000	3479
2000	3710000	3493
2000	3720000	3523
2000	3730000	3501
2000	3740000	3460
2000	3750000	3520
2000	3760000	3548
2000	3770000	3523
2000	3780000	3568
2000	3790000	3587
2000	3800000	3611
2000	3810000	3616
2000	3820000	3594
2000	3830000	3629
2000	3840000	3597
2000	3850000	3715
2000	3860000	3645
2000	3870000	3611
2000	3880000	3641
2000	3890000	3672
2000	3900000	3697
2000	3910000	3703
2000	3920000	3742
2000	3930000	3721
2000	3940000	3733
2000	3950000	3700
2000	3960000	3714
2000	3970000	3865
2000	3980000	3746
2000	3990000	3770
2000	4000000	3780
2000	4010000	3772
2000	4020000	3826
2000	4030000	3774
2000	4040000	3812
2000	4050000	3808
2000	4060000	3881
2000	4070000	3851
2000	4080000	3839
2000	4090000	3855
2000	4100000	3884
2000	4110000	3829
2000	4120000	3885
2000	4130000	3897
2000	4140000	3977
2000	4150000	3892
2000	4160000	3899
2000	4170000	3958
2000	4180000	3941
2000	4190000	3989
2000	4200000	3926
2000	4210000	3972
2000	4220000	3967
2000	4230000	3990
2000	4240000	3999
2000	4250000	3958
2000	4260000	4017
2000	4270000	4031
2000	4280000	4003
2000	4290000	4042
2000	4300000	4052
2000	4310000	4076
2000	4320000	4072
2000	4330000	4114
2000	4340000	4101
2000	4350000	4185
2000	4360000	4109
2000	4370000	4123
2000	4380000	4174
2000	4390000	4145
2000	4400000	4160
2000	4410000	4140
2000	4420000	4188
2000	4430000	4175
2000	4440000	4144
2000	4450000	4240
2000	4460000	3709
2000	4470000	3747
2000	4480000	3715
2000	4490000	3727
2000	4500000	3788
2000	4510000	3765
2000	4520000	3805
2000	4530000	3773
2000	4540000	3767
2000	4550000	3783
2000	4560000	3810
2000	4570000	3851
2000	4580000	3826
2000	4590000	3811
2000	4600000	3811
2000	4610000	3885
2000	4620000	3862
2000	4630000	3888
2000	4640000	3869
2000	4650000	3922
2000	4660000	3898
2000	4670000	3920
2000	4680000	3891
2000	4690000	3980
2000	4700000	3928
2000	4710000	3963
2000	4720000	3936
2000	4730000	3958
2000	4740000	3974
2000	4750000	3987
2000	4760000	3931
2000	4770000	3991
2000	4780000	4084
2000	4790000	4022
2000	4800000	4001
2000	4810000	4046
2000	4820000	4098
2000	4830000	4041
2000	4840000	4064
2000	4850000	4023
2000	4860000	4046
2000	4870000	4115
2000	4880000	4059
2000	4890000	4077
2000	4900000	4144
2000	4910000	4119
2000	4920000	4081
2000	4930000	4093
2000	4940000	4164
2000	4950000	4137
2000	4960000	4171
2000	4970000	4114
2000	4980000	4172
2000	4990000	4145
2000	5000000	4171
2000	5010000	4216
2000	5020000	4216
2000	5030000	4262
2000	5040000	4160
2000	5050000	4200
2000	5060000	4171
2000	5070000	4229
2000	5080000	4333
2000	5090000	4247
2000	5100000	4266
2000	5110000	4272
2000	5120000	4381
2000	5130000	4363
2000	5140000	4288
2000	5150000	4327
2000	5160000	4295
2000	5170000	4278
2000	5180000	4298
2000	5190000	4319
2000	5200000	4314
2000	5210000	4346
2000	5220000	4353
2000	5230000	4338
2000	5240000	4375
2000	5250000	4375
2000	5260000	4410
2000	5270000	4402
2000	5280000	4383
2000	5290000	4421
2000	5300000	4452
2000	5310000	4401
2000	5320000	4433
2000	5330000	4411
2000	5340000	4435
2000	5350000	4464
2000	5360000	4431
2000	5370000	4461
2000	5380000	4529
2000	5390000	4491
2000	5400000	4513
2000	5410000	4502
2000	5420000	4530
2000	5430000	4527
2000	5440000	4550
2000	5450000	4519
2000	5460000	4581
2000	5470000	4530
2000	5480000	4556
2000	5490000	4567
2000	5500000	4590
2000	5510000	4555
2000	5520000	4581
2000	5530000	4591
2000	5540000	4597
2000	5550000	4639
2000	5560000	4578
2000	5570000	4652
2000	5580000	4618
2000	5590000	4669
2000	5600000	4663
2000	5610000	4660
2000	5620000	4724
2000	5630000	4682
2000	5640000	4719
2000	5650000	4744
2000	5660000	4709
2000	5670000	4699
2000	5680000	4742
2000	5690000	4723
2000	5700000	4701
2000	5710000	4782
2000	5720000	4765
2000	5730000	4770
2000	5740000	4692
2000	5750000	4785
2000	5760000	4799
2000	5770000	4795
2000	5780000	4767
2000	5790000	4780
2000	5800000	4809
2000	5810000	4818
2000	5820000	4810
2000	5830000	4815
2000	5840000	4847
2000	5850000	4865
2000	5860000	4916
2000	5870000	4857
2000	5880000	4976
2000	5890000	4929
2000	5900000	4957
2000	5910000	4896
2000	5920000	4936
2000	5930000	4950
2000	5940000	4974
2000	5950000	4931
2000	5960000	4994
2000	5970000	4967
2000	5980000	5017
2000	5990000	4983
2000	6000000	4984
2000	6010000	5009
2000	6020000	5064
2000	6030000	5029
2000	6040000	5046
2000	6050000	5055
2000	6060000	5096
2000	6070000	5025
2000	6080000	5029
2000	6090000	5036
2000	6100000	5076
2000	6110000	5142
2000	6120000	5064
2000	6130000	5147
2000	6140000	5145
2000	6150000	5084
2000	6160000	5109
2000	6170000	5175
2000	6180000	5231
2000	6190000	5168
2000	6200000	5147
2000	6210000	5172
2000	6220000	5258
2000	6230000	5171
2000	6240000	5206
2000	6250000	5243
2000	6260000	5282
2000	6270000	5243
2000	6280000	5211
2000	6290000	5290
2000	6300000	5222
2000	6310000	5273
2000	6320000	5310
2000	6330000	5240
2000	6340000	5202
2000	6350000	5274
2000	6360000	5300
2000	6370000	5335
2000	6380000	5327
2000	6390000	5296
2000	6400000	5346
2000	6410000	5345
2000	6420000	5413
2000	6430000	5355
2000	6440000	5420
2000	6450000	5388
2000	6460000	5404
2000	6470000	5398
2000	6480000	5380
2000	6490000	5453
2000	6500000	5377
2000	6510000	5450
2000	6520000	5450
2000	6530000	5495
2000	6540000	5435
2000	6550000	5453
2000	6560000	5386
2000	6570000	5484
2000	6580000	5517
2000	6590000	5415
2000	6600000	5454
2000	6610000	5485
2000	6620000	5528
2000	6630000	5537
2000	6640000	5499
2000	6650000	5601
2000	6660000	5582
2000	6670000	5510
2000	6680000	5552
2000	6690000	5533
2000	6700000	5560
2000	6710000	5526
2000	6720000	5832
2000	6730000	5566
2000	6740000	5601
2000	6750000	5672
2000	6760000	5567
2000	6770000	5618
2000	6780000	5623
2000	6790000	5976
2000	6800000	5620
2000	6810000	5641
2000	6820000	5656
2000	6830000	5671
2000	6840000	7245
2000	6850000	5640
2000	6860000	5732
2000	6870000	5686
2000	6880000	5704
2000	6890000	7280
2000	6900000	5718
2000	6910000	5750
2000	6920000	5865
2000	6930000	5777
2000	6940000	5822
2000	6950000	5746
2000	6960000	5865
2000	6970000	5844
2000	6980000	5852
2000	6990000	5816
2000	7000000	5813
2000	7010000	5813
2000	7020000	5844
2000	7030000	6098
2000	7040000	5901
2000	7050000	5844
2000	7060000	5776
2000	7070000	7535
2000	7080000	5881
2000	7090000	5928
2000	7100000	5884
2000	7110000	7502
2000	7120000	7527
2000	7130000	7569
2000	7140000	5897
2000	7150000	5948
2000	7160000	6222
2000	7170000	5986
2000	7180000	6042
2000	7190000	5955
2000	7200000	5938
2000	7210000	6014
2000	7220000	5957
2000	7230000	6034
2000	7240000	6034
2000	7250000	6311
2000	7260000	5990
2000	7270000	6005
2000	7280000	6022
2000	7290000	6043
2000	7300000	6049
2000	7310000	6056
2000	7320000	6046
2000	7330000	6069
2000	7340000	6095
2000	7350000	6101
2000	7360000	6097
2000	7370000	6093
2000	7380000	7894
2000	7390000	7908
2000	7400000	6099
2000	7410000	6431
2000	7420000	6433
2000	7430000	6214
2000	7440000	7903
2000	7450000	7951
2000	7460000	6247
2000	7470000	6210
2000	7480000	6184
2000	7490000	6207
2000	7500000	6194
2000	7510000	6221
2000	7520000	7974
2000	7530000	6231
2000	7540000	6246
2000	7550000	6293
2000	7560000	8024
2000	7570000	6364
2000	7580000	6664
2000	7590000	6285
2000	7600000	6289
2000	7610000	6355
2000	7620000	6355
2000	7630000	6305
2000	7640000	6386
2000	7650000	6340
2000	7660000	6390
2000	7670000	6360
2000	7680000	6330
2000	7690000	6377
2000	7700000	6337
2000	7710000	6677
2000	7720000	6616
2000	7730000	6711
2000	7740000	8288
2000	7750000	6629
2000	7760000	6696
2000	7770000	6721
2000	7780000	6693
2000	7790000	6681
2000	7800000	6718
2000	7810000	6702
2000	7820000	6715
2000	7830000	8364
2000	7840000	6770
2000	7850000	6792
2000	7860000	6772
2000	7870000	6784
2000	7880000	6789
2000	7890000	6842
2000	7900000	6792
2000	7910000	6795
2000	7920000	6855
2000	7930000	8554
2000	7940000	6825
2000	7950000	6822
2000	7960000	6837
2000	7970000	6867
2000	7980000	6904
2000	7990000	6873
2000	8000000	6930
2000	8010000	6862
2000	8020000	8659
2000	8030000	7160
2000	8040000	6918
2000	8050000	6969
2000	8060000	6942
2000	8070000	6923
2000	8080000	6948
2000	8090000	6987
2000	8100000	6925
2000	8110000	6971
2000	8120000	8749
2000	8130000	6964
2000	8140000	6952
2000	8150000	6999
2000	8160000	6996
2000	8170000	7005
2000	8180000	7037
2000	8190000	7017
2000	8200000	7003
2000	8210000	7041
2000	8220000	8854
2000	8230000	7348
2000	8240000	7088
2000	8250000	7065
2000	8260000	7098
2000	8270000	7080
2000	8280000	7141
2000	8290000	7087
2000	8300000	7118
2000	8310000	7158
2000	8320000	7159
2000	8330000	8898
2000	8340000	7159
2000	8350000	7175
2000	8360000	7137
2000	8370000	7192
2000	8380000	7175
2000	8390000	7219
2000	8400000	7173
2000	8410000	7200
2000	8420000	7244
2000	8430000	8934
2000	8440000	7456
2000	8450000	7286
2000	8460000	7256
2000	8470000	7269
2000	8480000	7259
2000	8490000	7334
2000	8500000	7254
2000	8510000	7276
2000	8520000	7359
2000	8530000	7349
2000	8540000	9138
2000	8550000	7589
2000	8560000	7306
2000	8570000	7348
2000	8580000	7363
2000	8590000	7349
2000	8600000	7403
2000	8610000	7384
2000	8620000	7383
2000	8630000	7397
2000	8640000	7370
2000	8650000	9268
2000	8660000	9352
2000	8670000	7422
2000	8680000	7434
2000	8690000	7401
2000	8700000	7497
2000	8710000	7468
2000	8720000	7492
2000	8730000	7433
2000	8740000	7420
2000	8750000	7466
2000	8760000	7472
2000	8770000	9455
2000	8780000	7748
2000	8790000	7521
2000	8800000	7559
2000	8810000	7504
2000	8820000	7503
2000	8830000	7545
2000	8840000	7630
2000	8850000	7564
2000	8860000	7538
2000	8870000	7549
2000	8880000	7610
2000	8890000	9542
2000	8900000	7598
2000	8910000	7636
2000	8920000	7679
2000	8930000	7637
2000	8940000	7692
2000	8950000	7673
2000	8960000	7719
2000	8970000	7654
2000	8980000	7646
2000	8990000	7712
2000	9000000	7658
2000	9010000	9705
2000	9020000	7950
2000	9030000	7720
2000	9040000	7736
2000	9050000	7767
2000	9060000	7749
2000	9070000	7769
2000	9080000	7780
2000	9090000	7839
2000	9100000	7786
2000	9110000	7759
2000	9120000	7773
2000	9130000	9831
2000	9140000	9828
2000	9150000	7811
2000	9160000	7816
2000	9170000	7838
2000	9180000	7845
2000	9190000	7860
2000	9200000	7891
2000	9210000	7957
2000	9220000	7948
2000	9230000	7914
2000	9240000	7851
2000	9250000	7871
2000	9260000	9962
2000	9270000	9941
2000	9280000	7901
2000	9290000	7956
2000	9300000	7940
2000	9310000	7903
2000	9320000	7962
2000	9330000	7964
2000	9340000	7961
2000	9350000	7983
2000	9360000	7987
2000	9370000	7982
2000	9380000	8031
2000	9390000	10080
2000	9400000	9995
2000	9410000	8020
2000	9420000	8024
2000	9430000	8095
2000	9440000	8068
2000	9450000	8050
2000	9460000	8125
2000	9470000	8098
2000	9480000	8124
2000	9490000	8084
2000	9500000	8119
2000	9510000	8140
2000	9520000	8138
2000	9530000	10238
2000	9540000	8370
2000	9550000	8129
2000	9560000	8148
2000	9570000	8146
2000	9580000	8140
2000	9590000	8191
2000	9600000	8196
2000	9610000	8159
2000	9620000	8241
2000	9630000	8225
2000	9640000	8258
2000	9650000	8256
2000	9660000	8201
2000	9670000	10355
2000	9680000	8504
2000	9690000	8278
2000	9700000	8399
2000	9710000	8265
2000	9720000	8279
2000	9730000	8300
2000	9740000	8337
2000	9750000	8331
2000	9760000	8326
2000	9770000	8363
2000	9780000	8376
2000	9790000	8404
2000	9800000	8316
2000	9810000	10603
2000	9820000	10513
2000	9830000	8385
2000	9840000	8373
2000	9850000	8392
2000	9860000	8399
2000	9870000	8394
2000	9880000	8409
2000	9890000	8427
2000	9900000	8486
2000	9910000	8409
2000	9920000	8408
2000	9930000	8473
2000	9940000	8489
2000	9950000	8476
2000	9960000	10692
2000	9970000	10723
2000	9980000	8579
2000	9990000	8481
2000	10000000	8469
