2000	1000000	953
2000	1010000	949
2000	1020000	931
2000	1030000	945
2000	1040000	947
2000	1050000	979
2000	1060000	989
2000	1070000	990
2000	1080000	982
2000	1090000	1027
2000	1100000	1026
2000	1110000	1033
2000	1120000	1026
2000	1130000	1078
2000	1140000	1076
2000	1150000	1090
2000	1160000	1098
2000	1170000	1095
2000	1180000	1100
2000	1190000	1107
2000	1200000	1112
2000	1210000	1118
2000	1220000	1145
2000	1230000	1134
2000	1240000	1157
2000	1250000	1180
2000	1260000	1189
2000	1270000	1206
2000	1280000	1209
2000	1290000	1234
2000	1300000	1243
2000	1310000	1241
2000	1320000	1263
2000	1330000	1265
2000	1340000	1274
2000	1350000	1302
2000	1360000	1287
2000	1370000	1306
2000	1380000	1311
2000	1390000	1321
2000	1400000	1333
2000	1410000	1340
2000	1420000	1369
2000	1430000	1391
2000	1440000	1377
2000	1450000	1390
2000	1460000	1398
2000	1470000	1419
2000	1480000	1662
2000	1490000	1663
2000	1500000	1669
2000	1510000	1694
2000	1520000	1708
2000	1530000	1697
2000	1540000	1733
2000	1550000	1785
2000	1560000	1766
2000	1570000	1749
2000	1580000	1751
2000	1590000	1797
2000	1600000	1773
2000	1610000	1795
2000	1620000	1772
2000	1630000	1838
2000	1640000	1841
2000	1650000	1828
2000	1660000	1844
2000	1670000	1846
2000	1680000	1857
2000	1690000	1872
2000	1700000	1955
2000	1710000	1876
2000	1720000	1953
2000	1730000	1943
2000	1740000	1952
2000	1750000	1955
2000	1760000	1975
2000	1770000	1989
2000	1780000	1979
2000	1790000	1967
2000	1800000	2011
2000	1810000	2011
2000	1820000	2024
2000	1830000	2048
2000	1840000	2048
2000	1850000	2060
2000	1860000	2119
2000	1870000	2093
2000	1880000	2127
2000	1890000	2116
2000	1900000	2103
2000	1910000	2124
2000	1920000	2103
2000	1930000	2150
2000	1940000	2153
2000	1950000	2176
2000	1960000	2166
2000	1970000	2206
2000	1980000	2217
2000	1990000	2206
2000	2000000	2198
2000	2010000	2240
2000	2020000	2236
2000	2030000	2248
2000	2040000	2246
2000	2050000	2270
2000	2060000	2300
2000	2070000	2294
2000	2080000	2303
2000	2090000	2312
2000	2100000	2330
2000	2110000	2369
2000	2120000	2338
2000	2130000	2424
2000	2140000	2365
2000	2150000	2371
2000	2160000	2403
2000	2170000	2420
2000	2180000	2447
2000	2190000	2442
2000	2200000	2430
2000	2210000	2505
2000	2220000	2432
2000	2230000	2474
2000	2240000	2466
2000	2250000	2527
2000	2260000	2580
2000	2270000	2554
2000	2280000	2575
2000	2290000	2535
2000	2300000	2587
2000	2310000	2656
2000	2320000	2685
2000	2330000	2666
2000	2340000	2688
2000	2350000	2918
2000	2360000	2698
2000	2370000	2714
2000	2380000	2783
2000	2390000	3053
2000	2400000	2738
2000	2410000	2862
2000	2420000	2792
2000	2430000	2779
2000	2440000	2847
2000	2450000	2838
2000	2460000	2858
2000	2470000	2821
2000	2480000	2851
2000	2490000	3099
2000	2500000	2875
2000	2510000	3101
2000	2520000	3200
2000	2530000	3139
2000	2540000	2955
2000	2550000	2934
2000	2560000	3146
2000	2570000	3218
2000	2580000	2938
2000	2590000	2959
2000	2600000	3247
2000	2610000	3254
2000	2620000	2975
2000	2630000	3322
2000	2640000	3060
2000	2650000	3012
2000	2660000	3060
2000	2670000	3062
2000	2680000	3147
2000	2690000	3064
2000	2700000	3088
2000	2710000	3137
2000	2720000	3113
2000	2730000	3125
2000	2740000	3145
2000	2750000	3153
2000	2760000	3170
2000	2770000	3245
2000	2780000	3212
2000	2790000	3180
2000	2800000	3227
2000	2810000	3522
2000	2820000	3207
2000	2830000	3262
2000	2840000	3518
2000	2850000	3252
2000	2860000	3304
2000	2870000	3294
2000	2880000	3350
2000	2890000	3356
2000	2900000	3591
2000	2910000	3318
2000	2920000	3555
2000	2930000	3332
2000	2940000	3389
2000	2950000	3398
2000	2960000	3415
2000	2970000	3373
2000	2980000	3432
2000	2990000	3398
2000	3000000	3432
2000	3010000	3440
2000	3020000	3459
2000	3030000	3735
2000	3040000	3702
2000	3050000	3494
2000	3060000	3511
2000	3070000	3496
2000	3080000	3477
2000	3090000	3528
2000	3100000	3556
2000	3110000	3634
2000	3120000	3531
2000	3130000	3590
2000	3140000	3585
2000	3150000	3602
2000	3160000	3597
2000	3170000	3845
2000	3180000	3622
2000	3190000	3782
2000	3200000	3934
2000	3210000	3770
2000	3220000	3812
2000	3230000	3781
2000	3240000	3818
2000	3250000	3837
2000	3260000	3825
2000	3270000	3806
2000	3280000	3860
2000	3290000	4135
2000	3300000	3874
2000	3310000	3863
2000	3320000	3961
2000	3330000	3865
2000	3340000	4028
2000	3350000	3834
2000	3360000	4117
2000	3370000	3843
2000	3380000	3865
2000	3390000	4126
2000	3400000	4123
2000	3410000	3899
2000	3420000	3912
2000	3430000	4178
2000	3440000	4170
2000	3450000	3938
2000	3460000	3958
2000	3470000	4266
2000	3480000	4017
2000	3490000	4003
2000	3500000	4032
2000	3510000	4045
2000	3520000	4087
2000	3530000	4086
2000	3540000	4307
2000	3550000	4109
2000	3560000	4397
2000	3570000	4353
2000	3580000	4162
2000	3590000	4146
2000	3600000	4223
2000	3610000	4164
2000	3620000	4309
2000	3630000	4382
2000	3640000	4381
2000	3650000	4729
2000	3660000	4964
2000	3670000	4776
2000	3680000	5037
2000	3690000	4749
2000	3700000	4850
2000	3710000	5005
2000	3720000	5484
2000	3730000	4822
2000	3740000	4806
2000	3750000	5057
2000	3760000	5096
2000	3770000	4808
2000	3780000	4809
2000	3790000	4881
2000	3800000	4837
2000	3810000	5025
2000	3820000	4969
2000	3830000	4895
2000	3840000	4899
2000	3850000	4893
2000	3860000	5271
2000	3870000	5255
2000	3880000	5682
2000	3890000	4994
2000	3900000	5004
2000	3910000	5029
2000	3920000	5078
2000	3930000	5045
2000	3940000	5006
2000	3950000	5073
2000	3960000	5129
2000	3970000	5126
2000	3980000	5057
2000	3990000	5422
2000	4000000	5421
2000	4010000	5421
2000	4020000	5163
2000	4030000	5249
2000	4040000	5161
2000	4050000	5156
2000	4060000	5181
2000	4070000	5389
2000	4080000	5241
2000	4090000	5324
2000	4100000	5285
2000	4110000	5361
2000	4120000	5248
2000	4130000	5370
2000	4140000	5328
2000	4150000	5399
2000	4160000	5316
2000	4170000	5362
2000	4180000	5656
2000	4190000	5436
2000	4200000	5488
2000	4210000	6149
2000	4220000	5385
2000	4230000	5687
2000	4240000	5444
2000	4250000	5467
2000	4260000	5828
2000	4270000	5498
2000	4280000	5904
2000	4290000	5871
2000	4300000	5851
2000	4310000	6242
2000	4320000	5560
2000	4330000	5849
2000	4340000	5660
2000	4350000	5874
2000	4360000	5571
2000	4370000	5596
2000	4380000	5596
2000	4390000	5674
2000	4400000	5644
2000	4410000	5675
2000	4420000	5648
2000	4430000	5704
2000	4440000	5733
2000	4450000	5824
2000	4460000	5977
2000	4470000	5768
2000	4480000	5756
2000	4490000	5813
2000	4500000	5795
2000	4510000	5788
2000	4520000	5801
2000	4530000	6065
2000	4540000	5816
2000	4550000	6151
2000	4560000	5851
2000	4570000	5897
2000	4580000	6133
2000	4590000	5953
2000	4600000	6173
2000	4610000	5969
2000	4620000	5916
2000	4630000	5928
2000	4640000	6217
2000	4650000	6053
2000	4660000	6045
2000	4670000	6345
2000	4680000	6054
2000	4690000	6051
2000	4700000	6058
2000	4710000	6836
2000	4720000	6588
2000	4730000	6049
2000	4740000	6152
2000	4750000	6099
2000	4760000	6142
2000	4770000	6561
2000	4780000	6115
2000	4790000	6511
2000	4800000	6496
2000	4810000	6216
2000	4820000	6262
2000	4830000	6600
2000	4840000	6586
2000	4850000	6341
2000	4860000	6320
2000	4870000	6321
2000	4880000	6386
2000	4890000	6396
2000	4900000	6442
2000	4910000	6701
2000	4920000	7053
2000	4930000	6527
2000	4940000	7158
2000	4950000	6548
2000	4960000	6857
2000	4970000	6513
2000	4980000	6564
2000	4990000	6544
2000	5000000	6824
2000	5010000	6751
2000	5020000	6706
2000	5030000	6603
2000	5040000	6709
2000	5050000	6620
2000	5060000	7310
2000	5070000	6757
2000	5080000	6660
2000	5090000	6687
2000	5100000	6737
2000	5110000	6739
2000	5120000	6730
2000	5130000	7057
2000	5140000	6729
2000	5150000	6815
2000	5160000	7088
2000	5170000	6853
2000	5180000	7040
2000	5190000	6800
2000	5200000	6944
2000	5210000	7142
2000	5220000	7169
2000	5230000	7204
2000	5240000	7040
2000	5250000	6963
2000	5260000	7072
2000	5270000	6958
2000	5280000	6984
2000	5290000	7039
2000	5300000	6992
2000	5310000	7230
2000	5320000	7055
2000	5330000	7018
2000	5340000	7330
2000	5350000	7014
2000	5360000	7276
2000	5370000	8154
2000	5380000	7343
2000	5390000	7227
2000	5400000	7364
2000	5410000	7118
2000	5420000	8260
2000	5430000	7464
2000	5440000	7271
2000	5450000	7405
2000	5460000	7326
2000	5470000	8045
2000	5480000	7287
2000	5490000	7512
2000	5500000	7252
2000	5510000	7311
2000	5520000	7338
2000	5530000	7311
2000	5540000	7626
2000	5550000	7384
2000	5560000	7427
2000	5570000	7414
2000	5580000	7326
2000	5590000	7381
2000	5600000	7755
2000	5610000	7673
2000	5620000	7634
2000	5630000	7482
2000	5640000	7483
2000	5650000	7719
2000	5660000	7541
2000	5670000	7585
2000	5680000	7520
2000	5690000	7495
2000	5700000	7535
2000	5710000	7793
2000	5720000	7595
2000	5730000	7693
2000	5740000	7855
2000	5750000	7818
2000	5760000	7824
2000	5770000	7969
2000	5780000	7900
2000	5790000	7668
2000	5800000	7750
2000	5810000	7993
2000	5820000	7734
2000	5830000	7752
2000	5840000	8017
2000	5850000	8128
2000	5860000	7814
2000	5870000	7767
2000	5880000	7734
2000	5890000	7871
2000	5900000	8090
2000	5910000	8052
2000	5920000	7973
2000	5930000	8226
2000	5940000	7886
2000	5950000	7866
2000	5960000	7900
2000	5970000	8207
2000	5980000	7914
2000	5990000	7937
2000	6000000	7974
2000	6010000	8743
2000	6020000	8061
2000	6030000	8303
2000	6040000	7980
2000	6050000	8178
2000	6060000	8127
2000	6070000	8142
2000	6080000	8048
2000	6090000	8091
2000	6100000	8077
2000	6110000	8180
2000	6120000	8207
2000	6130000	8107
2000	6140000	8084
2000	6150000	8482
2000	6160000	8260
2000	6170000	8140
2000	6180000	8244
2000	6190000	8539
2000	6200000	8529
2000	6210000	8487
2000	6220000	8229
2000	6230000	8534
2000	6240000	8358
2000	6250000	8594
2000	6260000	8551
2000	6270000	8458
2000	6280000	8447
2000	6290000	8505
2000	6300000	8463
2000	6310000	9485
2000	6320000	8678
2000	6330000	8725
2000	6340000	8777
2000	6350000	8436
2000	6360000	8470
2000	6370000	8728
2000	6380000	8493
2000	6390000	8740
2000	6400000	8503
2000	6410000	8875
2000	6420000	8548
2000	6430000	8545
2000	6440000	8617
2000	6450000	8987
2000	6460000	8598
2000	6470000	8625
2000	6480000	8665
2000	6490000	8664
2000	6500000	8857
2000	6510000	8720
2000	6520000	8832
2000	6530000	8756
2000	6540000	8804
2000	6550000	8778
2000	6560000	8933
2000	6570000	8931
2000	6580000	9040
2000	6590000	8795
2000	6600000	8891
2000	6610000	9179
2000	6620000	8853
2000	6630000	9083
2000	6640000	9125
2000	6650000	8865
2000	6660000	8882
2000	6670000	8882
2000	6680000	8886
2000	6690000	9154
2000	6700000	9701
2000	6710000	8863
2000	6720000	8972
2000	6730000	8929
2000	6740000	8917
2000	6750000	8951
2000	6760000	9065
2000	6770000	8995
2000	6780000	10464
2000	6790000	10121
2000	6800000	9510
2000	6810000	9432
2000	6820000	9073
2000	6830000	9099
2000	6840000	9089
2000	6850000	10170
2000	6860000	9421
2000	6870000	9184
2000	6880000	9137
2000	6890000	9147
2000	6900000	10591
2000	6910000	9183
2000	6920000	9344
2000	6930000	10543
2000	6940000	10539
2000	6950000	10256
2000	6960000	10540
2000	6970000	10023
2000	6980000	10664
2000	6990000	10716
2000	7000000	9838
2000	7010000	10674
2000	7020000	9748
2000	7030000	10781
2000	7040000	9823
2000	7050000	9457
2000	7060000	10519
2000	7070000	10880
2000	7080000	10701
2000	7090000	10809
2000	7100000	9924
2000	7110000	10024
2000	7120000	10929
2000	7130000	10540
2000	7140000	10884
2000	7150000	10847
2000	7160000	10793
2000	7170000	10005
2000	7180000	10873
2000	7190000	10974
2000	7200000	10923
2000	7210000	11027
2000	7220000	10965
2000	7230000	11112
2000	7240000	10062
2000	7250000	10413
2000	7260000	11038
2000	7270000	11023
2000	7280000	10839
2000	7290000	11143
2000	7300000	11054
2000	7310000	10927
2000	7320000	11121
2000	7330000	11325
2000	7340000	10312
2000	7350000	11248
2000	7360000	11220
2000	7370000	10344
2000	7380000	11120
2000	7390000	11048
2000	7400000	11200
2000	7410000	11114
2000	7420000	11266
2000	7430000	11293
2000	7440000	10530
2000	7450000	11769
2000	7460000	11298
2000	7470000	11110
2000	7480000	11285
2000	7490000	10767
2000	7500000	11174
2000	7510000	10567
2000	7520000	10599
2000	7530000	10514
2000	7540000	11748
2000	7550000	11365
2000	7560000	11681
2000	7570000	11618
2000	7580000	11750
2000	7590000	11193
2000	7600000	11824
2000	7610000	10657
2000	7620000	11734
2000	7630000	11396
2000	7640000	11399
2000	7650000	11838
2000	7660000	11519
2000	7670000	11892
2000	7680000	11719
2000	7690000	11507
2000	7700000	11779
2000	7710000	11808
2000	7720000	11940
2000	7730000	11358
2000	7740000	11999
2000	7750000	11932
2000	7760000	11580
2000	7770000	11981
2000	7780000	12004
2000	7790000	12047
2000	7800000	11930
2000	7810000	12007
2000	7820000	12149
2000	7830000	11076
2000	7840000	12234
2000	7850000	11955
2000	7860000	12034
2000	7870000	12107
2000	7880000	12184
2000	7890000	12054
2000	7900000	12158
2000	7910000	12745
2000	7920000	12154
2000	7930000	12186
2000	7940000	12064
2000	7950000	12221
2000	7960000	12222
2000	7970000	12151
2000	7980000	12236
2000	7990000	12353
2000	8000000	12540
2000	8010000	11278
2000	8020000	12294
2000	8030000	12369
2000	8040000	11811
2000	8050000	12356
2000	8060000	11331
2000	8070000	12469
2000	8080000	11473
2000	8090000	11480
2000	8100000	12148
2000	8110000	12503
2000	8120000	11367
2000	8130000	11404
2000	8140000	12466
2000	8150000	12372
2000	8160000	12605
2000	8170000	12478
2000	8180000	12482
2000	8190000	12320
2000	8200000	12614
2000	8210000	12529
2000	8220000	12312
2000	8230000	12729
2000	8240000	12144
2000	8250000	12914
2000	8260000	12702
2000	8270000	12729
2000	8280000	12407
2000	8290000	12741
2000	8300000	12228
2000	8310000	11870
2000	8320000	11768
2000	8330000	11799
2000	8340000	12920
2000	8350000	12597
2000	8360000	13072
2000	8370000	11793
2000	8380000	12891
2000	8390000	12806
2000	8400000	12872
2000	8410000	12582
2000	8420000	12791
2000	8430000	12887
2000	8440000	11819
2000	8450000	11938
2000	8460000	12599
2000	8470000	13002
2000	8480000	13000
2000	8490000	12918
2000	8500000	13194
2000	8510000	11950
2000	8520000	12952
2000	8530000	13038
2000	8540000	13055
2000	8550000	13318
2000	8560000	12994
2000	8570000	13018
2000	8580000	12826
2000	8590000	12952
2000	8600000	13235
2000	8610000	13113
2000	8620000	12828
2000	8630000	13214
2000	8640000	13235
2000	8650000	13260
2000	8660000	13289
2000	8670000	13290
2000	8680000	13433
2000	8690000	13344
2000	8700000	13320
2000	8710000	13190
2000	8720000	13396
2000	8730000	13300
2000	8740000	13448
2000	8750000	12844
2000	8760000	13394
2000	8770000	13394
2000	8780000	13563
2000	8790000	13533
2000	8800000	13458
2000	8810000	12513
2000	8820000	12436
2000	8830000	13641
2000	8840000	13824
2000	8850000	13550
2000	8860000	13825
2000	8870000	13226
2000	8880000	13384
2000	8890000	13674
2000	8900000	12592
2000	8910000	13349
2000	8920000	13728
2000	8930000	13276
2000	8940000	13655
2000	8950000	13863
2000	8960000	13581
2000	8970000	13323
2000	8980000	13803
2000	8990000	13724
2000	9000000	13484
2000	9010000	13434
2000	9020000	13478
2000	9030000	13695
2000	9040000	13560
2000	9050000	13733
2000	9060000	13991
2000	9070000	13898
2000	9080000	14117
2000	9090000	13849
2000	9100000	13836
2000	9110000	12994
2000	9120000	12960
2000	9130000	12894
2000	9140000	14033
2000	9150000	13877
2000	9160000	13749
2000	9170000	13867
2000	9180000	13677
2000	9190000	13703
2000	9200000	13061
2000	9210000	14123
2000	9220000	14083
2000	9230000	13106
2000	9240000	14101
2000	9250000	14023
2000	9260000	14239
2000	9270000	14066
2000	9280000	13033
2000	9290000	14360
2000	9300000	14190
2000	9310000	14192
2000	9320000	13141
2000	9330000	14080
2000	9340000	13277
2000	9350000	14168
2000	9360000	14227
2000	9370000	13952
2000	9380000	14293
2000	9390000	13232
2000	9400000	14586
2000	9410000	14504
2000	9420000	14464
2000	9430000	13283
2000	9440000	14385
2000	9450000	13346
2000	9460000	14360
2000	9470000	14309
2000	9480000	14358
2000	9490000	14495
2000	9500000	14502
2000	9510000	14374
2000	9520000	14625
2000	9530000	14518
2000	9540000	13495
2000	9550000	14697
2000	9560000	14520
2000	9570000	14648
2000	9580000	14818
2000	9590000	14687
2000	9600000	13491
2000	9610000	14594
2000	9620000	14642
2000	9630000	15191
2000	9640000	14757
2000	9650000	13593
2000	9660000	14692
2000	9670000	14415
2000	9680000	14736
2000	9690000	15357
2000	9700000	14823
2000	9710000	14767
2000	9720000	14524
2000	9730000	14840
2000	9740000	15005
2000	9750000	14891
2000	9760000	17438
2000	9770000	15026
2000	9780000	15319
2000	9790000	15216
2000	9800000	15044
2000	9810000	15643
2000	9820000	15020
2000	9830000	15538
2000	9840000	16101
2000	9850000	15040
2000	9860000	17600
2000	9870000	15433
2000	9880000	18057
2000	9890000	15277
2000	9900000	15388
2000	9910000	15343
2000	9920000	15184
2000	9930000	15584
2000	9940000	15381
2000	9950000	15624
2000	9960000	15558
2000	9970000	15576
2000	9980000	15205
2000	9990000	15153
2000	10000000	15870
