2000	1000000	787
2000	1010000	803
2000	1020000	801
2000	1030000	899
2000	1040000	795
2000	1050000	919
2000	1060000	921
2000	1070000	919
2000	1080000	831
2000	1090000	931
2000	1100000	829
2000	1110000	895
2000	1120000	864
2000	1130000	865
2000	1140000	861
2000	1150000	847
2000	1160000	857
2000	1170000	875
2000	1180000	881
2000	1190000	987
2000	1200000	870
2000	1210000	988
2000	1220000	1004
2000	1230000	888
2000	1240000	895
2000	1250000	906
2000	1260000	901
2000	1270000	903
2000	1280000	902
2000	1290000	926
2000	1300000	983
2000	1310000	1078
2000	1320000	889
2000	1330000	1080
2000	1340000	1110
2000	1350000	1114
2000	1360000	997
2000	1370000	1154
2000	1380000	1054
2000	1390000	1032
2000	1400000	1030
2000	1410000	940
2000	1420000	1126
2000	1430000	1001
2000	1440000	998
2000	1450000	945
2000	1460000	1072
2000	1470000	1012
2000	1480000	967
2000	1490000	1011
2000	1500000	1028
2000	1510000	1018
2000	1520000	1059
2000	1530000	1037
2000	1540000	1053
2000	1550000	1112
2000	1560000	1026
2000	1570000	1026
2000	1580000	1075
2000	1590000	1054
2000	1600000	1102
2000	1610000	1125
2000	1620000	1068
2000	1630000	1253
2000	1640000	1127
2000	1650000	1070
2000	1660000	1288
2000	1670000	1124
2000	1680000	1124
2000	1690000	1132
2000	1700000	1118
2000	1710000	1163
2000	1720000	1230
2000	1730000	1237
2000	1740000	1165
2000	1750000	1149
2000	1760000	1198
2000	1770000	1155
2000	1780000	1154
2000	1790000	1173
2000	1800000	1287
2000	1810000	1288
2000	1820000	1149
2000	1830000	1204
2000	1840000	1201
2000	1850000	1266
2000	1860000	1287
2000	1870000	1262
2000	1880000	1207
2000	1890000	1275
2000	1900000	1230
2000	1910000	1184
2000	1920000	1273
2000	1930000	1268
2000	1940000	1274
2000	1950000	1346
2000	1960000	1292
2000	1970000	1257
2000	1980000	1359
2000	1990000	1298
2000	2000000	1253
2000	2010000	1382
2000	2020000	1357
2000	2030000	1361
2000	2040000	1271
2000	2050000	1274
2000	2060000	1253
2000	2070000	1251
2000	2080000	1304
2000	2090000	1328
2000	2100000	1265
2000	2110000	1339
2000	2120000	1327
2000	2130000	1340
2000	2140000	1349
2000	2150000	1526
2000	2160000	1404
2000	2170000	1310
2000	2180000	1320
2000	2190000	1437
2000	2200000	1364
2000	2210000	1507
2000	2220000	1530
2000	2230000	1470
2000	2240000	1504
2000	2250000	1532
2000	2260000	1561
2000	2270000	1554
2000	2280000	1426
2000	2290000	1460
2000	2300000	1565
2000	2310000	1503
2000	2320000	1565
2000	2330000	1460
2000	2340000	1512
2000	2350000	1520
2000	2360000	1590
2000	2370000	1583
2000	2380000	1619
2000	2390000	1490
2000	2400000	1550
2000	2410000	1626
2000	2420000	1476
2000	2430000	1607
2000	2440000	1611
2000	2450000	1617
2000	2460000	1613
2000	2470000	1655
2000	2480000	1513
2000	2490000	1638
2000	2500000	1686
2000	2510000	1647
2000	2520000	1641
2000	2530000	1655
2000	2540000	1568
2000	2550000	1515
2000	2560000	1664
2000	2570000	1709
2000	2580000	1659
2000	2590000	1719
2000	2600000	1662
2000	2610000	1739
2000	2620000	1679
2000	2630000	1569
2000	2640000	1564
2000	2650000	1712
2000	2660000	1597
2000	2670000	1587
2000	2680000	1585
2000	2690000	1580
2000	2700000	1613
2000	2710000	1614
2000	2720000	1569
2000	2730000	1704
2000	2740000	1725
2000	2750000	1576
2000	2760000	1802
2000	2770000	1611
2000	2780000	1608
2000	2790000	1734
2000	2800000	1638
2000	2810000	1622
2000	2820000	1790
2000	2830000	1605
2000	2840000	1626
2000	2850000	1667
2000	2860000	1679
2000	2870000	1711
2000	2880000	1686
2000	2890000	1853
2000	2900000	1734
2000	2910000	1732
2000	2920000	1697
2000	2930000	1740
2000	2940000	1733
2000	2950000	1693
2000	2960000	1789
2000	2970000	1868
2000	2980000	1942
2000	2990000	1874
2000	3000000	1930
2000	3010000	1779
2000	3020000	1742
2000	3030000	1947
2000	3040000	1820
2000	3050000	1763
2000	3060000	1760
2000	3070000	1821
2000	3080000	1835
2000	3090000	1831
2000	3100000	1854
2000	3110000	1835
2000	3120000	1788
2000	3130000	1791
2000	3140000	1839
2000	3150000	1931
2000	3160000	1828
2000	3170000	1865
2000	3180000	1766
2000	3190000	1841
2000	3200000	1885
2000	3210000	1830
2000	3220000	1959
2000	3230000	1989
2000	3240000	1856
2000	3250000	2021
2000	3260000	1845
2000	3270000	1868
2000	3280000	1850
2000	3290000	1860
2000	3300000	1874
2000	3310000	1884
2000	3320000	1866
2000	3330000	1949
2000	3340000	1879
2000	3350000	1991
2000	3360000	1893
2000	3370000	1875
2000	3380000	1920
2000	3390000	1897
2000	3400000	1921
2000	3410000	1920
2000	3420000	1931
2000	3430000	1942
2000	3440000	2021
2000	3450000	1952
2000	3460000	1974
2000	3470000	1940
2000	3480000	1921
2000	3490000	1956
2000	3500000	2000
2000	3510000	1974
2000	3520000	1952
2000	3530000	1976
2000	3540000	2010
2000	3550000	2091
2000	3560000	2026
2000	3570000	2049
2000	3580000	2029
2000	3590000	2047
2000	3600000	2026
2000	3610000	2049
2000	3620000	2042
2000	3630000	2061
2000	3640000	2085
2000	3650000	2072
2000	3660000	2083
2000	3670000	2134
2000	3680000	2042
2000	3690000	2177
2000	3700000	2107
2000	3710000	2059
2000	3720000	2057
2000	3730000	2045
2000	3740000	2054
2000	3750000	2139
2000	3760000	2079
2000	3770000	2132
2000	3780000	2077
2000	3790000	2104
2000	3800000	2105
2000	3810000	2110
2000	3820000	2083
2000	3830000	2100
2000	3840000	2131
2000	3850000	2154
2000	3860000	2120
2000	3870000	2153
2000	3880000	2174
2000	3890000	2144
2000	3900000	2167
2000	3910000	2159
2000	3920000	2170
2000	3930000	2166
2000	3940000	2160
2000	3950000	2189
2000	3960000	2171
2000	3970000	2180
2000	3980000	2205
2000	3990000	2181
2000	4000000	2201
2000	4010000	2195
2000	4020000	2182
2000	4030000	2208
2000	4040000	2219
2000	4050000	2243
2000	4060000	2205
2000	4070000	2211
2000	4080000	2211
2000	4090000	2264
2000	4100000	2267
2000	4110000	2216
2000	4120000	2251
2000	4130000	2285
2000	4140000	2270
2000	4150000	2371
2000	4160000	2254
2000	4170000	2257
2000	4180000	2267
2000	4190000	2269
2000	4200000	2273
2000	4210000	2291
2000	4220000	2351
2000	4230000	2378
2000	4240000	2355
2000	4250000	2312
2000	4260000	2374
2000	4270000	2300
2000	4280000	2349
2000	4290000	2455
2000	4300000	2376
2000	4310000	2456
2000	4320000	2407
2000	4330000	2395
2000	4340000	2463
2000	4350000	2418
2000	4360000	2419
2000	4370000	2417
2000	4380000	2378
2000	4390000	2403
2000	4400000	2468
2000	4410000	2470
2000	4420000	2426
2000	4430000	2468
2000	4440000	2440
2000	4450000	2442
2000	4460000	2176
2000	4470000	2149
2000	4480000	2161
2000	4490000	2215
2000	4500000	2213
2000	4510000	2191
2000	4520000	2270
2000	4530000	2272
2000	4540000	2268
2000	4550000	2286
2000	4560000	2294
2000	4570000	2179
2000	4580000	2388
2000	4590000	2375
2000	4600000	2396
2000	4610000	2342
2000	4620000	2274
2000	4630000	2214
2000	4640000	2221
2000	4650000	2230
2000	4660000	2247
2000	4670000	2332
2000	4680000	2238
2000	4690000	2240
2000	4700000	2253
2000	4710000	2401
2000	4720000	2282
2000	4730000	2343
2000	4740000	2250
2000	4750000	2292
2000	4760000	2320
2000	4770000	2296
2000	4780000	2387
2000	4790000	2382
2000	4800000	2303
2000	4810000	2306
2000	4820000	2337
2000	4830000	2311
2000	4840000	2269
2000	4850000	2416
2000	4860000	2343
2000	4870000	2343
2000	4880000	2471
2000	4890000	2487
2000	4900000	2482
2000	4910000	2488
2000	4920000	2460
2000	4930000	2530
2000	4940000	2409
2000	4950000	2397
2000	4960000	2375
2000	4970000	2515
2000	4980000	2535
2000	4990000	2448
2000	5000000	2376
2000	5010000	2460
2000	5020000	2375
2000	5030000	2534
2000	5040000	2447
2000	5050000	2468
2000	5060000	2476
2000	5070000	2462
2000	5080000	2412
2000	5090000	2387
2000	5100000	2420
2000	5110000	2442
2000	5120000	2518
2000	5130000	2450
2000	5140000	2444
2000	5150000	2424
2000	5160000	2451
2000	5170000	2390
2000	5180000	2419
2000	5190000	2509
2000	5200000	2513
2000	5210000	2425
2000	5220000	2507
2000	5230000	2457
2000	5240000	2508
2000	5250000	2472
2000	5260000	2656
2000	5270000	2496
2000	5280000	2526
2000	5290000	2450
2000	5300000	2572
2000	5310000	2487
2000	5320000	2528
2000	5330000	2696
2000	5340000	2523
2000	5350000	2535
2000	5360000	2493
2000	5370000	2503
2000	5380000	2675
2000	5390000	2612
2000	5400000	2526
2000	5410000	2528
2000	5420000	2684
2000	5430000	2494
2000	5440000	2598
2000	5450000	2556
2000	5460000	2593
2000	5470000	2552
2000	5480000	2541
2000	5490000	2580
2000	5500000	2613
2000	5510000	2684
2000	5520000	2758
2000	5530000	2602
2000	5540000	2624
2000	5550000	2642
2000	5560000	2566
2000	5570000	2619
2000	5580000	2599
2000	5590000	2591
2000	5600000	2611
2000	5610000	2672
2000	5620000	2587
2000	5630000	2626
2000	5640000	2796
2000	5650000	2619
2000	5660000	2651
2000	5670000	2656
2000	5680000	2637
2000	5690000	2604
2000	5700000	2648
2000	5710000	2613
2000	5720000	2652
2000	5730000	2633
2000	5740000	2646
2000	5750000	2636
2000	5760000	2737
2000	5770000	2754
2000	5780000	2732
2000	5790000	2692
2000	5800000	2769
2000	5810000	2860
2000	5820000	2664
2000	5830000	2861
2000	5840000	2664
2000	5850000	2764
2000	5860000	2803
2000	5870000	2691
2000	5880000	2857
2000	5890000	2724
2000	5900000	2735
2000	5910000	2923
2000	5920000	2799
2000	5930000	2770
2000	5940000	2793
2000	5950000	2725
2000	5960000	2740
2000	5970000	2851
2000	5980000	2769
2000	5990000	2749
2000	6000000	2958
2000	6010000	2759
2000	6020000	2752
2000	6030000	2766
2000	6040000	2782
2000	6050000	2780
2000	6060000	2769
2000	6070000	2808
2000	6080000	2916
2000	6090000	2783
2000	6100000	3038
2000	6110000	2819
2000	6120000	2777
2000	6130000	2805
2000	6140000	3009
2000	6150000	2797
2000	6160000	2785
2000	6170000	2863
2000	6180000	2839
2000	6190000	3058
2000	6200000	2820
2000	6210000	2842
2000	6220000	2875
2000	6230000	2856
2000	6240000	2874
2000	6250000	2849
2000	6260000	2860
2000	6270000	2965
2000	6280000	2947
2000	6290000	2894
2000	6300000	2916
2000	6310000	2909
2000	6320000	2894
2000	6330000	2897
2000	6340000	3025
2000	6350000	2882
2000	6360000	2894
2000	6370000	2895
2000	6380000	2966
2000	6390000	3053
2000	6400000	2926
2000	6410000	2921
2000	6420000	2935
2000	6430000	2927
2000	6440000	3100
2000	6450000	2999
2000	6460000	2943
2000	6470000	3079
2000	6480000	3027
2000	6490000	2988
2000	6500000	3096
2000	6510000	2992
2000	6520000	3107
2000	6530000	3105
2000	6540000	3051
2000	6550000	2992
2000	6560000	3010
2000	6570000	3143
2000	6580000	3041
2000	6590000	3138
2000	6600000	3044
2000	6610000	3026
2000	6620000	3180
2000	6630000	3083
2000	6640000	3177
2000	6650000	3038
2000	6660000	3056
2000	6670000	3132
2000	6680000	3050
2000	6690000	3071
2000	6700000	3071
2000	6710000	3116
2000	6720000	3143
2000	6730000	3087
2000	6740000	3155
2000	6750000	3255
2000	6760000	3153
2000	6770000	3093
2000	6780000	3218
2000	6790000	3088
2000	6800000	3279
2000	6810000	3110
2000	6820000	3108
2000	6830000	3109
2000	6840000	3160
2000	6850000	3273
2000	6860000	3131
2000	6870000	3194
2000	6880000	3135
2000	6890000	3144
2000	6900000	3146
2000	6910000	3294
2000	6920000	3210
2000	6930000	3326
2000	6940000	3254
2000	6950000	3235
2000	6960000	3244
2000	6970000	3260
2000	6980000	3194
2000	6990000	3172
2000	7000000	3254
2000	7010000	3183
2000	7020000	3233
2000	7030000	3353
2000	7040000	3319
2000	7050000	3384
2000	7060000	3334
2000	7070000	3326
2000	7080000	3261
2000	7090000	3206
2000	7100000	3227
2000	7110000	3245
2000	7120000	3223
2000	7130000	3410
2000	7140000	3248
2000	7150000	3312
2000	7160000	3267
2000	7170000	3394
2000	7180000	3266
2000	7190000	3331
2000	7200000	3386
2000	7210000	3264
2000	7220000	3426
2000	7230000	3277
2000	7240000	3370
2000	7250000	3296
2000	7260000	3330
2000	7270000	3288
2000	7280000	3427
2000	7290000	3290
2000	7300000	3284
2000	7310000	3328
2000	7320000	3400
2000	7330000	3314
2000	7340000	3426
2000	7350000	3312
2000	7360000	3356
2000	7370000	3332
2000	7380000	3379
2000	7390000	3439
2000	7400000	3391
2000	7410000	3423
2000	7420000	3353
2000	7430000	3334
2000	7440000	3359
2000	7450000	3388
2000	7460000	3441
2000	7470000	3377
2000	7480000	3435
2000	7490000	3397
2000	7500000	3407
2000	7510000	3396
2000	7520000	3397
2000	7530000	3482
2000	7540000	3525
2000	7550000	3471
2000	7560000	3533
2000	7570000	3445
2000	7580000	3389
2000	7590000	3492
2000	7600000	3462
2000	7610000	3416
2000	7620000	3387
2000	7630000	3473
2000	7640000	3604
2000	7650000	3491
2000	7660000	3476
2000	7670000	3446
2000	7680000	3437
2000	7690000	3497
2000	7700000	3601
2000	7710000	3735
2000	7720000	3748
2000	7730000	3775
2000	7740000	5382
2000	7750000	3787
2000	7760000	3792
2000	7770000	3808
2000	7780000	3780
2000	7790000	3759
2000	7800000	3727
2000	7810000	3767
2000	7820000	3762
2000	7830000	5402
2000	7840000	3812
2000	7850000	3961
2000	7860000	3844
2000	7870000	3849
2000	7880000	3798
2000	7890000	3780
2000	7900000	3825
2000	7910000	3808
2000	7920000	3876
2000	7930000	5387
2000	7940000	3854
2000	7950000	3784
2000	7960000	3834
2000	7970000	3887
2000	7980000	3881
2000	7990000	3939
2000	8000000	3837
2000	8010000	3860
2000	8020000	5734
2000	8030000	4153
2000	8040000	4032
2000	8050000	3882
2000	8060000	3883
2000	8070000	3880
2000	8080000	3904
2000	8090000	3920
2000	8100000	3893
2000	8110000	3920
2000	8120000	5610
2000	8130000	3928
2000	8140000	3944
2000	8150000	3927
2000	8160000	3909
2000	8170000	4080
2000	8180000	3924
2000	8190000	4108
2000	8200000	3940
2000	8210000	4005
2000	8220000	5705
2000	8230000	4232
2000	8240000	3973
2000	8250000	3974
2000	8260000	3961
2000	8270000	3957
2000	8280000	3975
2000	8290000	4000
2000	8300000	3957
2000	8310000	4188
2000	8320000	3996
2000	8330000	5692
2000	8340000	4047
2000	8350000	3995
2000	8360000	3999
2000	8370000	4018
2000	8380000	4041
2000	8390000	4056
2000	8400000	4026
2000	8410000	4077
2000	8420000	4069
2000	8430000	5675
2000	8440000	4336
2000	8450000	4062
2000	8460000	4053
2000	8470000	4020
2000	8480000	4034
2000	8490000	4050
2000	8500000	4099
2000	8510000	4085
2000	8520000	4082
2000	8530000	4093
2000	8540000	5639
2000	8550000	4361
2000	8560000	4066
2000	8570000	4084
2000	8580000	4301
2000	8590000	4093
2000	8600000	4260
2000	8610000	4219
2000	8620000	4196
2000	8630000	4110
2000	8640000	4100
2000	8650000	5839
2000	8660000	5728
2000	8670000	4083
2000	8680000	4167
2000	8690000	4122
2000	8700000	4117
2000	8710000	4127
2000	8720000	4168
2000	8730000	4157
2000	8740000	4272
2000	8750000	4219
2000	8760000	4129
2000	8770000	5773
2000	8780000	4413
2000	8790000	4192
2000	8800000	4174
2000	8810000	4219
2000	8820000	4327
2000	8830000	4188
2000	8840000	4192
2000	8850000	4234
2000	8860000	4180
2000	8870000	4244
2000	8880000	4239
2000	8890000	5927
2000	8900000	4180
2000	8910000	4191
2000	8920000	4225
2000	8930000	4287
2000	8940000	4237
2000	8950000	4243
2000	8960000	4267
2000	8970000	4260
2000	8980000	4256
2000	8990000	4283
2000	9000000	4206
2000	9010000	5996
2000	9020000	4488
2000	9030000	4225
2000	9040000	4275
2000	9050000	4268
2000	9060000	4382
2000	9070000	4289
2000	9080000	4286
2000	9090000	4377
2000	9100000	4292
2000	9110000	4270
2000	9120000	4407
2000	9130000	6173
2000	9140000	5875
2000	9150000	4387
2000	9160000	4365
2000	9170000	4316
2000	9180000	4376
2000	9190000	4351
2000	9200000	4333
2000	9210000	4400
2000	9220000	4353
2000	9230000	4339
2000	9240000	4405
2000	9250000	4382
2000	9260000	6241
2000	9270000	6245
2000	9280000	4485
2000	9290000	4365
2000	9300000	4347
2000	9310000	4422
2000	9320000	4384
2000	9330000	4401
2000	9340000	4454
2000	9350000	4524
2000	9360000	4407
2000	9370000	4425
2000	9380000	4401
2000	9390000	6247
2000	9400000	6227
2000	9410000	4642
2000	9420000	4390
2000	9430000	4443
2000	9440000	4429
2000	9450000	4498
2000	9460000	4454
2000	9470000	4474
2000	9480000	4642
2000	9490000	4529
2000	9500000	4452
2000	9510000	4473
2000	9520000	4489
2000	9530000	6407
2000	9540000	4732
2000	9550000	4640
2000	9560000	4686
2000	9570000	4488
2000	9580000	4564
2000	9590000	4511
2000	9600000	4511
2000	9610000	4501
2000	9620000	4486
2000	9630000	4483
2000	9640000	4487
2000	9650000	4467
2000	9660000	4608
2000	9670000	6532
2000	9680000	4822
2000	9690000	4522
2000	9700000	4682
2000	9710000	4569
2000	9720000	4580
2000	9730000	4580
2000	9740000	4546
2000	9750000	4602
2000	9760000	4618
2000	9770000	4565
2000	9780000	4567
2000	9790000	4548
2000	9800000	4577
2000	9810000	6419
2000	9820000	6601
2000	9830000	4608
2000	9840000	4586
2000	9850000	4692
2000	9860000	4606
2000	9870000	4673
2000	9880000	4690
2000	9890000	4617
2000	9900000	4625
2000	9910000	4659
2000	9920000	4642
2000	9930000	4654
2000	9940000	4665
2000	9950000	4665
2000	9960000	6581
2000	9970000	6540
2000	9980000	4674
2000	9990000	4686
2000	10000000	4638
